12.446888           
14.773082           
13.557306           
13.508812           
11.986812           
14.194818           
13.533697           
12.269826           
12.497599           
14.514131           
12.135436           
14.561329           
12.172989           
12.030007           
16.479808           
11.578507           
13.319040           
11.712737           
11.986812           
10.654656           
13.232883           
11.607941           
12.776710           
13.398154           
12.530769           
11.645499           
15.408313           
12.516462           
12.764564           
13.319040           
17.836517           
17.056296           
13.319040           
11.712737           
10.864057           
10.654656           
12.608353           
12.220939           
12.038624           
11.369651           
11.986812           
15.768937           
15.103685           
12.038624           
12.253654           
12.789895           
13.319040           
12.530769           
18.139168           
13.234823           
17.913203           
12.789895           
12.372106           
14.687578           
13.006415           
12.530769           
10.491995           
11.741934           
11.515648           
13.822014           
13.319040           
10.274408           
11.986812           
11.986812           
11.379328           
14.637224           
14.706321           
11.986812           
11.939567           
14.651340           
15.111052           
14.437974           
13.413420           
13.319040           
12.815334           
11.298931           
12.025599           
14.744792           
13.390580           
12.522490           
13.319040           
12.789895           
14.599807           
11.815593           
13.447751           
14.110416           
11.234334           
13.319040           
13.319040           
12.577720           
10.654656           
13.319040           
11.208964           
13.199900           
12.263280           
13.319040           
15.280983           
11.539500           
12.789895           
14.875197           
11.986812           
15.280983           
13.319040           
12.658433           
11.515648           
13.647042           
12.212622           
12.789895           
12.764564           
12.679576           
11.581875           
14.332476           
11.515648           
13.319040           
13.319040           
12.726799           
10.854720           
13.989403           
13.678655           
13.319040           
13.319040           
14.019982           
11.054111           
13.641657           
15.395919           
12.320505           
13.194033           
11.453792           
13.232883           
12.883985           
13.647042           
12.407439           
12.236538           
13.319040           
13.336647           
14.519435           
15.983711           
12.608353           
12.764564           
12.598296           
11.150977           
15.512861           
11.634842           
11.986812           
13.319040           
11.513581           
13.319040           
12.038624           
11.282716           
11.987101           
14.692217           
12.668773           
13.319040           
10.654656           
11.986812           
13.319040           
12.789895           
12.769680           
12.169148           
13.939696           
12.061850           
10.815594           
13.670266           
10.829960           
12.386551           
13.232883           
12.038624           
14.110416           
12.764564           
14.019982           
17.934406           
12.126652           
11.439220           
12.789895           
10.556518           
12.320505           
12.010131           
12.407439           
12.831236           
12.922904           
11.515648           
11.986812           
13.167295           
14.073234           
15.014433           
11.986812           
12.037347           
11.515648           
12.739083           
12.660605           
11.986812           
13.768153           
12.038624           
11.986812           
12.284941           
13.319040           
11.515648           
12.038624           
13.586061           
13.532595           
12.666965           
13.319040           
13.232883           
11.250900           
13.651401           
12.764564           
11.690237           
12.367360           
12.342850           
12.253139           
11.986812           
11.986812           
12.530769           
13.768178           
16.687818           
14.800726           
11.641868           
12.038624           
13.217002           
15.696599           
12.003085           
13.319040           
12.386551           
13.319040           
10.654656           
13.730395           
11.986812           
16.544615           
12.764564           
13.319040           
13.319040           
11.986812           
12.586348           
14.543146           
12.010131           
10.654656           
11.661155           
12.912041           
13.336647           
18.771832           
11.515648           
12.284065           
12.683331           
13.319040           
17.025542           
11.515648           
10.978355           
12.264515           
13.406257           
10.654656           
14.524775           
14.588886           
12.526785           
12.639006           
11.515648           
13.319040           
13.646279           
11.986812           
15.983711           
10.799725           
13.696687           
12.912041           
12.128189           
11.986812           
10.854720           
13.479577           
11.318703           
15.647372           
10.654656           
12.764564           
15.983711           
12.493269           
11.986812           
15.834096           
14.151180           
15.493865           
12.174238           
14.436162           
11.152358           
10.687371           
11.515648           
11.298931           
11.986812           
12.789895           
10.654656           
13.817945           
11.665111           
11.645499           
13.319040           
13.319040           
11.986812           
12.442728           
11.515648           
12.236538           
12.135436           
11.515648           
11.826089           
11.986812           
12.407439           
13.646279           
12.407439           
12.608353           
12.764564           
13.319040           
11.986812           
13.161656           
11.986812           
12.537775           
14.436162           
15.056927           
10.654656           
13.232883           
13.160783           
13.557306           
13.319040           
13.576002           
13.194033           
12.789895           
12.789895           
12.497603           
12.530769           
12.320505           
13.319040           
13.319040           
14.317902           
13.157582           
12.309551           
11.427851           
14.870492           
15.153263           
14.996757           
17.561077           
13.172714           
13.319040           
12.764564           
14.386999           
12.504409           
15.586896           
11.986812           
15.702329           
14.428613           
12.038624           
11.986812           
12.135436           
12.038624           
10.654656           
15.124568           
11.515648           
13.319040           
12.038624           
14.940776           
14.317902           
13.897662           
12.038624           
13.319040           
11.987813           
14.989698           
11.986812           
13.232883           
11.986812           
14.019982           
14.362643           
11.653162           
15.420626           
15.983711           
13.358701           
11.986812           
13.670266           
13.216042           
13.557306           
13.319040           
13.232883           
12.530769           
12.707672           
12.789895           
15.647372           
12.253654           
13.301677           
15.835694           
11.515648           
13.162397           
14.699060           
12.003054           
11.986812           
11.835342           
12.386551           
12.735945           
13.402648           
13.493216           
13.467858           
11.826642           
11.515648           
17.252123           
11.986812           
14.019982           
12.419354           
11.515648           
13.736513           
11.546752           
14.732464           
11.986812           
12.910579           
11.695640           
13.626723           
11.986812           
11.986812           
13.319040           
12.236538           
11.780424           
11.986812           
11.570181           
12.732259           
13.172714           
12.073788           
13.939696           
15.569009           
12.017219           
13.586061           
14.561329           
11.986812           
12.735945           
10.654656           
10.742418           
12.688640           
12.038624           
13.232883           
12.530769           
11.752620           
11.994895           
12.038624           
13.483024           
12.608353           
12.735945           
13.203841           
13.542808           
12.530769           
11.403501           
13.319040           
13.232883           
13.365788           
13.319040           
13.066235           
13.646279           
12.764564           
15.512861           
16.393012           
10.654656           
14.519140           
16.707712           
13.646279           
13.435973           
11.318687           
14.729915           
12.407439           
13.319040           
13.319040           
11.645499           
15.002144           
15.002144           
14.681869           
13.945495           
10.953662           
13.134822           
10.654656           
11.645499           
11.515648           
11.515648           
14.019935           
13.319040           
11.515648           
13.232883           
11.986812           
14.436162           
13.319040           
11.831884           
19.372484           
11.875433           
11.986812           
11.940268           
13.467858           
12.030007           
11.318703           
12.789895           
13.529536           
12.309551           
14.275095           
13.462742           
11.409957           
12.530769           
10.950925           
12.363999           
11.986812           
10.854720           
12.764564           
14.124807           
12.381394           
16.500302           
15.390449           
13.006349           
11.640816           
13.319040           
14.861321           
13.467858           
13.096682           
11.515648           
13.232883           
12.334897           
11.515648           
14.782802           
12.846977           
11.986812           
16.780452           
11.438668           
12.939446           
14.123759           
14.861321           
12.732259           
16.546829           
13.938697           
15.983711           
11.641340           
12.789895           
12.497603           
12.600592           
13.336647           
13.971168           
13.462742           
11.986812           
10.976829           
12.840912           
13.319040           
13.319040           
11.986812           
13.730395           
10.753978           
13.096018           
13.336647           
13.372272           
15.983711           
10.654656           
13.232883           
17.316155           
11.986812           
12.310661           
13.526352           
10.654656           
14.651340           
13.319040           
11.986812           
16.208452           
11.427851           
13.319040           
12.608353           
11.254515           
13.934836           
15.431867           
13.995771           
14.561329           
14.436756           
13.646279           
13.529536           
12.608353           
11.690840           
13.319040           
12.407439           
14.053933           
14.019982           
11.932468           
13.198028           
11.986812           
12.253654           
12.789895           
13.814481           
11.439220           
15.983711           
13.319040           
13.319040           
11.439220           
10.654656           
13.334279           
12.038624           
14.299097           
13.644815           
14.004460           
13.319040           
11.986812           
11.745125           
12.877312           
11.318703           
12.901508           
10.542840           
10.654656           
16.456930           
15.983711           
13.319040           
12.386551           
13.921490           
11.986812           
13.319040           
14.773082           
13.275837           
11.986812           
13.730395           
12.038624           
12.764564           
13.693644           
12.342850           
13.112332           
11.986812           
15.812383           
13.319040           
16.188286           
12.315825           
14.019982           
13.319040           
12.161418           
11.693062           
12.260229           
15.647372           
15.672917           
11.986812           
13.162508           
14.732464           
12.877506           
11.986812           
16.987475           
14.651340           
13.452868           
11.446314           
11.515648           
12.497603           
14.651340           
17.319119           
13.238394           
13.319040           
13.319040           
13.398919           
12.764564           
12.038624           
12.172989           
14.086322           
14.857293           
14.853475           
20.620328           
12.298559           
11.298931           
14.300545           
11.986812           
14.651340           
11.611217           
12.877312           
11.515648           
12.537777           
13.319040           
11.119463           
12.764564           
12.159223           
10.712741           
12.177429           
12.664271           
12.851530           
13.275837           
14.651340           
12.038624           
14.019982           
12.156462           
12.608353           
12.877312           
14.651340           
13.099223           
14.402432           
12.038624           
11.515648           
13.467858           
13.319040           
11.986812           
11.986812           
11.986812           
12.530769           
13.832173           
13.390580           
13.319040           
15.682508           
12.269842           
10.654656           
14.441137           
12.446888           
13.319040           
13.232883           
13.939696           
12.038624           
14.185275           
12.386551           
13.493040           
12.342850           
12.919231           
12.608353           
13.748466           
12.338601           
16.082921           
10.783726           
14.781567           
13.319040           
11.986812           
15.983711           
11.215521           
13.319040           
11.717144           
11.754205           
15.111052           
14.716937           
14.455605           
11.515648           
10.654656           
12.530769           
11.673548           
12.525364           
12.764564           
15.983711           
13.557306           
11.515648           
15.280983           
12.764564           
12.782844           
11.283731           
14.786977           
11.318703           
12.764564           
15.002144           
14.019982           
13.319040           
15.777121           
11.673548           
12.323681           
13.646279           
12.253654           
15.280983           
10.726565           
14.386999           
10.654656           
15.811825           
12.342850           
12.407439           
14.651340           
13.175099           
14.971286           
10.654656           
12.789895           
10.821163           
11.986812           
12.764564           
13.319040           
12.660605           
10.854720           
15.547111           
15.983711           
13.194033           
12.309551           
11.950934           
12.764564           
15.370663           
10.753978           
13.319040           
12.038624           
13.319040           
11.986812           
13.289715           
12.497603           
12.735945           
10.846145           
13.786630           
13.467858           
12.577720           
12.140195           
13.398919           
11.456576           
12.860779           
11.986812           
13.008150           
13.393830           
12.643996           
12.789895           
14.414686           
13.945495           
13.319040           
11.986812           
11.986812           
14.019982           
13.641657           
13.336647           
13.462742           
11.986812           
14.870492           
11.986812           
15.280983           
11.613291           
14.651340           
13.398532           
11.515648           
14.362643           
12.764564           
13.319040           
13.798536           
13.319040           
11.986812           
11.815593           
15.665849           
12.679576           
11.427851           
15.153263           
12.010010           
13.787437           
12.530769           
13.449165           
12.969898           
12.135436           
16.488778           
14.732464           
11.656083           
10.854720           
11.630640           
12.254105           
13.646279           
13.631759           
12.320505           
11.298931           
11.986812           
12.630519           
11.986812           
11.986812           
11.515648           
11.645499           
13.683521           
11.815593           
13.336647           
10.687371           
12.914069           
11.986812           
12.010131           
13.030795           
10.513807           
16.208452           
11.438668           
14.651340           
11.826922           
12.161418           
13.319040           
12.901508           
15.983711           
11.298931           
13.389363           
13.145166           
14.436162           
11.451894           
12.331436           
13.634059           
13.318438           
11.986812           
11.515648           
10.742418           
11.986812           
15.280983           
12.038624           
11.933238           
14.436162           
12.764564           
10.654656           
18.755572           
11.986812           
13.798536           
13.054328           
11.986812           
11.515648           
14.651340           
15.983711           
12.530306           
11.634842           
11.986812           
13.232883           
11.200508           
13.194033           
13.903167           
11.515648           
13.022931           
13.232883           
10.854720           
13.319040           
15.577239           
15.280983           
13.096682           
11.986812           
11.986812           
12.848207           
13.381898           
13.336647           
14.522172           
11.502361           
12.236538           
13.161656           
12.497603           
12.038624           
13.945495           
13.319040           
13.945495           
14.019982           
14.362643           
13.921490           
11.384169           
12.407439           
11.986812           
11.986812           
13.492306           
13.319040           
12.533101           
13.401263           
12.789895           
10.898514           
15.172288           
12.038624           
12.363999           
13.319040           
13.194033           
11.986812           
12.509222           
14.108749           
10.654656           
14.651340           
14.362643           
12.310661           
14.019982           
11.515648           
13.232883           
12.764564           
14.019982           
11.986812           
11.986812           
11.986812           
13.760224           
12.448293           
17.316155           
14.545725           
11.365732           
12.172989           
11.838080           
15.577239           
12.229615           
15.493865           
14.362643           
12.038624           
11.986812           
17.712046           
13.159150           
12.777754           
15.047985           
12.437105           
13.341513           
14.651340           
13.319040           
13.730395           
15.002144           
13.319040           
13.594981           
15.200670           
10.654656           
11.986812           
13.319040           
12.030007           
12.320505           
12.530769           
16.479808           
13.031867           
14.651340           
11.427851           
13.646279           
11.986812           
11.519393           
13.947766           
15.280983           
12.342850           
11.072186           
14.019982           
12.080724           
12.320505           
14.709154           
11.986812           
14.019982           
13.319040           
12.342850           
13.319040           
15.426704           
14.651340           
17.316155           
13.319040           
14.687578           
12.926493           
11.645499           
13.160783           
12.789895           
11.986812           
