10.440269           
10.598067           
8.830405            
10.598067           
11.849385           
12.366257           
9.539155            
11.364919           
9.753584            
9.716794            
10.598067           
9.539155            
11.614093           
11.041348           
9.504875            
9.716794            
9.975836            
12.366257           
10.714388           
8.841430            
12.366257           
9.716794            
10.598067           
8.830405            
12.963975           
10.523291           
12.366257           
14.236376           
9.975836            
12.366257           
11.313746           
9.820018            
9.182324            
9.716794            
9.539155            
12.484693           
10.635278           
12.640753           
10.959569           
15.309170           
11.386049           
10.437280           
12.238689           
10.045292           
11.182437           
10.598067           
9.504875            
11.112115           
8.830405            
11.731669           
10.996539           
9.105408            
12.366257           
9.060177            
10.598067           
12.542322           
9.539155            
11.342892           
8.830405            
10.523291           
9.716794            
9.863642            
11.062396           
10.225035           
12.921603           
10.598067           
9.504875            
8.982429            
10.598067           
8.627582            
10.598067           
11.868103           
10.034907           
8.830405            
11.182437           
13.160889           
10.598067           
12.366257           
11.438457           
12.469179           
10.598067           
10.598067           
11.342892           
9.539155            
11.785822           
10.598067           
10.598067           
11.471121           
14.134975           
10.824679           
8.830405            
10.598067           
10.598067           
10.598067           
10.425748           
12.366257           
8.923679            
12.517976           
11.211612           
10.219193           
13.159116           
8.830405            
11.310990           
9.539155            
12.366257           
8.018400            
10.598067           
10.877315           
8.179495            
9.539155            
10.598067           
8.488176            
11.392201           
14.205043           
12.702241           
10.598067           
9.539155            
11.182437           
10.598067           
10.867233           
11.969701           
11.438457           
10.598067           
10.440269           
11.112988           
10.158893           
8.830405            
8.830405            
10.017131           
11.326668           
12.366257           
8.633788            
9.716794            
12.366257           
8.830405            
10.867233           
10.598067           
9.719501            
12.517976           
14.608142           
14.064571           
14.073815           
9.504875            
11.492209           
8.830405            
10.640526           
9.539155            
12.366257           
11.062396           
10.000771           
11.501897           
9.781403            
8.830405            
8.830405            
8.898413            
10.598067           
9.539155            
9.527165            
9.716794            
9.855512            
9.504875            
12.366257           
12.366257           
10.598067           
11.912101           
8.830405            
10.598067           
10.598067           
9.060177            
9.055491            
10.598067           
10.111027           
8.830405            
10.598067           
11.182437           
11.182437           
9.855372            
8.830405            
8.830405            
8.830405            
9.504875            
12.366257           
10.598067           
11.532867           
9.527165            
10.598067           
10.598067           
12.366257           
10.598067           
9.695382            
10.598067           
10.045292           
9.666081            
11.386158           
10.289721           
10.598067           
8.830405            
12.366257           
10.060754           
10.694691           
10.045292           
8.250416            
10.598067           
12.840234           
13.186692           
8.830405            
10.598067           
10.523291           
9.616403            
10.045292           
10.598067           
10.045292           
10.598067           
11.416803           
14.134975           
10.598067           
14.457160           
10.598067           
9.696302            
10.676876           
9.539155            
14.134975           
18.785110           
12.366257           
10.598067           
14.134975           
12.366257           
11.041348           
10.440269           
10.321752           
12.291869           
13.029705           
12.520782           
10.598067           
12.366257           
9.776095            
11.032373           
12.366257           
11.567849           
9.621558            
10.598067           
10.996539           
11.182437           
8.056861            
8.830405            
9.527165            
10.045292           
9.408665            
8.830405            
13.266546           
12.645819           
10.321752           
8.722674            
8.830405            
10.598067           
8.830405            
10.598067           
10.598067           
9.281306            
11.211612           
11.904285           
10.598067           
11.182437           
10.598067           
13.186692           
8.830405            
8.830405            
10.598067           
8.830405            
11.182437           
8.874754            
10.598067           
10.598067           
14.739768           
9.548103            
8.830405            
9.975836            
10.598067           
9.716794            
11.112988           
8.627582            
9.539155            
8.830405            
12.366257           
8.830405            
8.882721            
10.598067           
11.182437           
9.060177            
11.182437           
10.523291           
11.228648           
10.598067           
9.856626            
10.598067           
11.310990           
12.366257           
10.045292           
10.598067           
12.366257           
10.598067           
10.598067           
10.598067           
10.598067           
11.211612           
16.338990           
9.511193            
10.598067           
10.598067           
9.660667            
12.366257           
11.182437           
10.045292           
9.798762            
9.539155            
11.519870           
10.598067           
11.340742           
10.598067           
14.073815           
10.598067           
9.781403            
10.196804           
8.627582            
10.383754           
10.598067           
8.830405            
10.425748           
10.598067           
10.056029           
9.539155            
8.830405            
10.598067           
12.840234           
9.856626            
10.598067           
8.830405            
10.877315           
9.055491            
11.492209           
10.676876           
9.187522            
8.841869            
8.209723            
12.366257           
8.261879            
8.830405            
9.539155            
11.259151           
10.440269           
8.830405            
10.598067           
10.331406           
11.969701           
11.392201           
10.598067           
10.017131           
10.598067           
10.598067           
10.080073           
10.598067           
11.182437           
11.738955           
10.650969           
10.598067           
11.416803           
13.283604           
8.830405            
10.598067           
10.598067           
12.366257           
12.366257           
9.400883            
10.619684           
8.935251            
9.716794            
12.366257           
8.839081            
9.696302            
8.627582            
14.261236           
9.622364            
14.134975           
9.716794            
10.877315           
10.598067           
9.616403            
10.973702           
10.045292           
8.830405            
11.140184           
7.973043            
9.649479            
10.379823           
11.912101           
10.111027           
11.140184           
11.765529           
11.062396           
15.368148           
10.598067           
10.751031           
10.877315           
10.598067           
12.366257           
9.716794            
8.830405            
12.366257           
12.020795           
10.598067           
11.062396           
9.539155            
10.598067           
9.539155            
14.134975           
10.499461           
12.642342           
14.073815           
10.791769           
14.427535           
8.722674            
10.598067           
10.598067           
12.202715           
12.469179           
10.598067           
11.182437           
9.539155            
8.830405            
8.839081            
11.340742           
8.488176            
12.299029           
9.539155            
17.395375           
10.045292           
11.798930           
10.598067           
9.539155            
11.182437           
12.299029           
12.366257           
11.278862           
10.598067           
10.676876           
8.830405            
12.366257           
12.366257           
10.045292           
11.416803           
10.045292           
10.877315           
9.663271            
11.828815           
9.616403            
10.598067           
8.727622            
12.260566           
10.440269           
10.598067           
12.730127           
11.182437           
10.598067           
9.716794            
10.598067           
8.830405            
11.360583           
8.917515            
12.366257           
9.247659            
12.366257           
9.539155            
8.627582            
11.342892           
11.828815           
11.182437           
12.640753           
9.060177            
10.058686           
9.107458            
10.598067           
9.616403            
7.711717            
10.598067           
10.440269           
10.598067           
11.187877           
10.017131           
10.598067           
8.830405            
9.166138            
16.188896           
11.182437           
13.639814           
11.858135           
9.539155            
9.247659            
11.492209           
9.651853            
10.544044           
11.215705           
8.830405            
9.539155            
8.830405            
9.060177            
13.790225           
9.539155            
9.135496            
9.969306            
10.598067           
10.045292           
12.366257           
12.640753           
11.386158           
9.716794            
10.598067           
12.366257           
16.375866           
12.255841           
14.134975           
12.366257           
11.339914           
8.830405            
12.779634           
9.716794            
11.182437           
8.830405            
11.062396           
10.440269           
8.830405            
9.187522            
17.524851           
8.041111            
10.598067           
10.619684           
10.523291           
9.050629            
12.366257           
8.862941            
10.045292           
11.310990           
10.768144           
10.598067           
10.598067           
10.598067           
10.415969           
9.504875            
11.808321           
10.598067           
8.830405            
10.598067           
7.939959            
10.191172           
10.897341           
10.598067           
10.031553           
9.023677            
8.830405            
10.218615           
10.598067           
8.830405            
9.118053            
11.342892           
11.828815           
12.366257           
8.611493            
11.965332           
9.539155            
9.539155            
11.182437           
9.180530            
15.084640           
9.539155            
19.470771           
11.284639           
8.830405            
12.366257           
10.598067           
10.877315           
10.598067           
9.539155            
9.616403            
11.492209           
9.716794            
8.830405            
10.598067           
10.321752           
14.368798           
8.938110            
11.056853           
9.616403            
8.830405            
11.342892           
8.326201            
9.716794            
10.598067           
9.527165            
10.321752           
11.182437           
9.539155            
10.598067           
8.551573            
13.211077           
10.598067           
12.840234           
9.856626            
10.598067           
12.366257           
10.598067           
9.616403            
9.834433            
12.988087           
9.050629            
12.730127           
9.781403            
9.539155            
9.969306            
12.102576           
11.342892           
9.981668            
10.017131           
9.975836            
8.830405            
10.201538           
10.629151           
9.616403            
10.867233           
10.598067           
8.830405            
15.969017           
11.062396           
10.598067           
11.062396           
12.366257           
8.830405            
12.366257           
13.659240           
13.160889           
10.877315           
10.282081           
9.539155            
9.975836            
11.568438           
10.598067           
12.840234           
8.830405            
10.598067           
10.598067           
10.598067           
12.484693           
11.211612           
10.598067           
8.830405            
10.017131           
8.830405            
11.392752           
9.539155            
14.245633           
10.598067           
11.254693           
12.102576           
10.598067           
8.005967            
11.182437           
8.830405            
9.539155            
11.492209           
10.598067           
10.007746           
9.539155            
14.134975           
14.509734           
9.539155            
10.598067           
10.537116           
9.663850            
11.182437           
9.504875            
10.598067           
12.366257           
10.822957           
10.598067           
8.830405            
9.105408            
10.598067           
9.625912            
10.045292           
10.440269           
10.598067           
10.045292           
10.440269           
16.005785           
9.742999            
7.914421            
8.830405            
9.060177            
14.134975           
10.425748           
11.392201           
10.598067           
10.763405           
9.060177            
10.598067           
11.182437           
10.877315           
10.965692           
10.017131           
9.055491            
10.775616           
10.598067           
11.309772           
10.598067           
14.134975           
12.252895           
10.784072           
11.254693           
7.914421            
10.598067           
8.830405            
10.598067           
11.182437           
10.598067           
11.182437           
10.598067           
8.830405            
10.877315           
9.625912            
10.598067           
8.250416            
9.539155            
10.025478           
10.598067           
10.616900           
8.347952            
9.247659            
11.182437           
10.598067           
10.598067           
12.329821           
9.716794            
10.218615           
8.830405            
9.504875            
9.716794            
11.049796           
10.017131           
10.017131           
10.598067           
10.763405           
10.598067           
10.976689           
8.830405            
10.111027           
10.017131           
10.598067           
11.567855           
11.181953           
11.182437           
12.366257           
14.516719           
9.060177            
10.523291           
10.598067           
10.523291           
10.598067           
10.045292           
9.539155            
12.329821           
11.291876           
12.366257           
10.158169           
9.716794            
11.062396           
11.182437           
10.598067           
9.470573            
12.199090           
10.598067           
10.877315           
9.504875            
12.260566           
10.598067           
11.011114           
12.366257           
11.182437           
12.735179           
10.877315           
11.263857           
8.968279            
11.567855           
9.287247            
12.366257           
9.247659            
10.598067           
9.716794            
12.102576           
9.527165            
11.182437           
10.415969           
10.598067           
11.211612           
12.366257           
10.598067           
8.830405            
9.055491            
10.598067           
9.781403            
11.211612           
10.598067           
12.366257           
10.598067           
10.598067           
9.546180            
8.830405            
12.366257           
9.060177            
10.598067           
10.355770           
7.914421            
8.830405            
11.310624           
12.366257           
11.965332           
9.539155            
9.060177            
9.716794            
11.062396           
8.830405            
13.602393           
10.321752           
10.598067           
9.285864            
11.182437           
9.737415            
11.032373           
9.539155            
11.965332           
11.182437           
8.830405            
11.965332           
10.069454           
10.598067           
10.665373           
12.366257           
9.285864            
8.830405            
10.598067           
10.909438           
8.830405            
13.600963           
9.658087            
11.062396           
11.062396           
14.516719           
9.716794            
9.182324            
9.137991            
11.062396           
8.830405            
11.828815           
9.077809            
10.676876           
10.598067           
9.770684            
11.278862           
14.134975           
9.677319            
9.247659            
9.781403            
8.485572            
10.379823           
8.830405            
10.897341           
13.283604           
9.504875            
10.218615           
11.182437           
10.763405           
9.539155            
10.183295           
10.045292           
12.525360           
11.182437           
10.598067           
9.408421            
10.598067           
9.539155            
8.486111            
8.830405            
11.211612           
10.598067           
10.201538           
11.243646           
9.504875            
10.598067           
10.499461           
9.716794            
12.366257           
8.830405            
13.186692           
13.363946           
11.182437           
8.830405            
11.492209           
10.598067           
11.182437           
8.830405            
11.240867           
10.598067           
10.045292           
9.539155            
10.598067           
8.830405            
11.849385           
9.050629            
8.148510            
10.325260           
11.182437           
12.366257           
10.598067           
8.830405            
10.598067           
9.677319            
16.188896           
11.182437           
10.152341           
10.598067           
9.099423            
10.598067           
8.830405            
8.906454            
9.716794            
9.089616            
10.218615           
10.598067           
9.660667            
11.319641           
10.751031           
9.834433            
11.492020           
12.366257           
12.777234           
13.231328           
11.211612           
10.598067           
11.737452           
11.182437           
9.546180            
8.830405            
9.060177            
10.598067           
10.598067           
8.976282            
10.836158           
10.440269           
10.598067           
9.918060            
12.255841           
11.828815           
11.062396           
8.830405            
10.598067           
10.598067           
9.999195            
10.598067           
8.841869            
10.598067           
10.598067           
12.520782           
10.598067           
11.243646           
9.041500            
8.830405            
10.877315           
10.598067           
8.917515            
11.622412           
9.821405            
12.260566           
10.598067           
8.830405            
11.112988           
10.598067           
11.182437           
11.182437           
10.544044           
9.648337            
11.849385           
12.366257           
11.182437           
10.598067           
9.539155            
10.897341           
9.055491            
9.504875            
9.182324            
8.830405            
8.830405            
10.598067           
