LLR                 
15.702009           
12.930404           
13.985820           
14.225318           
13.710185           
10.774967           
11.298709           
12.844380           
12.930404           
12.308301           
13.018784           
13.558121           
13.018784           
11.531854           
13.391932           
15.941756           
13.583971           
13.390026           
13.552828           
11.726755           
13.670056           
15.085989           
13.158140           
16.260993           
14.428203           
13.436153           
15.638925           
11.788870           
12.191019           
11.405691           
13.176385           
10.833392           
15.934640           
10.787458           
13.445317           
11.165504           
11.460001           
19.397604           
12.092206           
14.521267           
16.066315           
12.194932           
14.200229           
13.081560           
11.706932           
11.165504           
12.930404           
11.148367           
10.774967           
13.797802           
18.697803           
12.344361           
13.959383           
12.930404           
12.697743           
14.824689           
13.202815           
12.221366           
13.163267           
12.930404           
13.844763           
11.279236           
11.599815           
11.706932           
12.857257           
15.330597           
16.182637           
13.724355           
11.054360           
16.539041           
16.698052           
11.876748           
14.280622           
12.930404           
11.460001           
11.938113           
14.700324           
14.246015           
12.255102           
10.774967           
14.012610           
14.866084           
12.532826           
11.926810           
11.835103           
13.724355           
11.165504           
15.085989           
12.632217           
12.930404           
11.710503           
13.364319           
14.870151           
11.706932           
13.670056           
11.165504           
12.930404           
15.537708           
13.386079           
13.410782           
15.085989           
14.246015           
11.781251           
12.221366           
11.975877           
11.297210           
12.909171           
12.930404           
13.018784           
12.501379           
14.413586           
12.930404           
11.341941           
11.460001           
12.930404           
14.346081           
12.930404           
11.706932           
17.751473           
15.108385           
11.048211           
15.085989           
14.000474           
15.509619           
13.740380           
11.987910           
12.930404           
12.930404           
12.930404           
12.930404           
13.766763           
14.225318           
13.624668           
12.197775           
14.225318           
13.015489           
16.312921           
13.018784           
15.303178           
15.085989           
12.930404           
14.080852           
12.930404           
11.762006           
13.534634           
13.695273           
12.930404           
11.495126           
12.898197           
10.774967           
11.812157           
13.075127           
13.971979           
12.944471           
17.414429           
14.483572           
12.464230           
12.621173           
12.930404           
10.774967           
13.279165           
12.206080           
12.930404           
12.930404           
11.351141           
11.732657           
12.930404           
13.410782           
11.767391           
14.525790           
12.930404           
13.081560           
12.717349           
15.230009           
16.182637           
12.314127           
12.194932           
11.706214           
13.158140           
12.443030           
16.071192           
14.511554           
10.893669           
14.428203           
13.081560           
14.975348           
13.079142           
15.085989           
12.724957           
11.093382           
12.930404           
10.890213           
13.506422           
14.633807           
12.930404           
10.774967           
12.483869           
14.061849           
12.832050           
11.220681           
15.152332           
12.194932           
11.101742           
13.197884           
12.823506           
12.194932           
13.375863           
11.888460           
11.706932           
15.135539           
11.953327           
13.710185           
14.428203           
12.930159           
13.015489           
12.483869           
11.054360           
13.678752           
12.930404           
12.930404           
12.483869           
13.386079           
14.256544           
13.520923           
13.449169           
13.608101           
12.930404           
17.360815           
17.527292           
13.838681           
13.237076           
15.940450           
12.194932           
15.085989           
11.165504           
16.074009           
12.220521           
12.930404           
10.774967           
13.520923           
15.085989           
12.423242           
15.146958           
12.218446           
12.483869           
13.015489           
13.670056           
13.147593           
12.930404           
12.420877           
13.386079           
12.051437           
12.697583           
13.710185           
15.014778           
13.182120           
12.930404           
12.751243           
12.930404           
12.930404           
11.571534           
13.202815           
13.699429           
13.540482           
13.961599           
11.840604           
12.930404           
16.760849           
11.679862           
14.452280           
12.194932           
12.236030           
14.896742           
12.194932           
12.930404           
13.035075           
13.018784           
12.930404           
16.269839           
12.153969           
14.041349           
13.018784           
12.930404           
12.930404           
12.930404           
11.298709           
12.676743           
11.495420           
15.754804           
13.018784           
12.194932           
12.930404           
13.202815           
12.483869           
12.194932           
15.709860           
11.781982           
12.621173           
16.145377           
12.930404           
15.085989           
12.930404           
15.869518           
14.744692           
12.194932           
12.930404           
11.932861           
12.483869           
21.688128           
12.194932           
12.492891           
13.018784           
14.670723           
12.930404           
14.539383           
12.194932           
11.165504           
12.467182           
10.774967           
11.812157           
14.225318           
13.892613           
15.115659           
13.018784           
16.116927           
12.930404           
11.419322           
12.236030           
12.930404           
13.630459           
14.945937           
12.483869           
12.532645           
13.181894           
13.488314           
13.193212           
12.933767           
15.085989           
13.075127           
12.758164           
14.900123           
12.930404           
12.930404           
15.855148           
13.515070           
12.164155           
12.930404           
12.502901           
12.930404           
12.823506           
12.307120           
15.085989           
15.085989           
12.930404           
14.640417           
11.371535           
12.930404           
12.621173           
11.889420           
12.194932           
12.930404           
13.386048           
12.051437           
15.293190           
12.643241           
10.774967           
12.289307           
14.976974           
12.973358           
12.930404           
13.390026           
12.282483           
13.176385           
12.483869           
12.194932           
14.870151           
14.200196           
10.774967           
13.983988           
12.930404           
13.018784           
14.457921           
11.762129           
14.225318           
13.724355           
11.599815           
19.397604           
14.616884           
14.828295           
14.471188           
11.938113           
14.428203           
12.603029           
11.377887           
13.511468           
13.018784           
11.781982           
13.670056           
14.115865           
15.714462           
13.993123           
11.165504           
12.930404           
13.173985           
13.093583           
12.934750           
12.676743           
13.281265           
10.897599           
14.301911           
12.932373           
12.832050           
12.733686           
18.002410           
11.373386           
13.386079           
14.387584           
13.018784           
15.670678           
13.018784           
12.273172           
12.191019           
13.075127           
12.930404           
12.930404           
12.930404           
12.930404           
13.258123           
12.194932           
13.688990           
12.930404           
13.506422           
14.087989           
11.706932           
13.983988           
15.085989           
14.449740           
11.160292           
12.930404           
12.034840           
12.930404           
10.774967           
12.930404           
14.225318           
12.930404           
13.439497           
11.763995           
13.018784           
11.706932           
11.334024           
11.865735           
11.460592           
12.475923           
13.102946           
11.287554           
10.774967           
14.900123           
12.930404           
14.469568           
13.624668           
15.822715           
12.930404           
15.930513           
12.152761           
12.632217           
15.771138           
13.948989           
13.845638           
12.483869           
11.495420           
13.018784           
13.018784           
11.706932           
17.609242           
12.483869           
11.048164           
13.181894           
11.874761           
12.930404           
11.460001           
13.670056           
12.882320           
12.152761           
13.671568           
12.542573           
12.221366           
13.716577           
12.930404           
12.011071           
11.209894           
11.308941           
15.115659           
11.979356           
12.132120           
12.930404           
14.550756           
16.550568           
12.483869           
12.930404           
11.308941           
14.692788           
15.569566           
12.194932           
10.888361           
10.888361           
11.555015           
13.386079           
14.225318           
12.324554           
12.823506           
11.571534           
13.506422           
11.165504           
11.599815           
12.930404           
16.392992           
16.269839           
16.230341           
11.820592           
16.392992           
13.795217           
11.074348           
14.362738           
12.676743           
12.591496           
15.085989           
12.695037           
15.486458           
11.623226           
15.736035           
13.197884           
12.770474           
13.431955           
14.678374           
10.774967           
13.670056           
12.994359           
15.085989           
12.930404           
14.323832           
11.537674           
12.483869           
11.496840           
13.466302           
12.399958           
12.532826           
18.348592           
11.048211           
13.885747           
13.390026           
15.794362           
12.428550           
12.930404           
16.392992           
13.552828           
13.165776           
12.483869           
12.621173           
12.563257           
11.938113           
12.930404           
12.930404           
12.930404           
11.209540           
18.237087           
14.387584           
13.018784           
11.997095           
14.225318           
12.930404           
12.930404           
11.220939           
14.200196           
12.643241           
14.976870           
11.875382           
14.383772           
13.294969           
12.930404           
13.670056           
14.094094           
12.289307           
12.979809           
14.889590           
11.840604           
15.618287           
11.706932           
14.387584           
16.405615           
12.748314           
11.865735           
16.648990           
14.471188           
14.728923           
12.930404           
13.885747           
12.930404           
11.065614           
16.269839           
10.846353           
12.194932           
15.777917           
13.390026           
12.483869           
11.706932           
15.085989           
14.626752           
12.189123           
12.621173           
12.307120           
15.085989           
13.795217           
13.018784           
11.706932           
12.930404           
13.158140           
12.930404           
12.930404           
11.298709           
12.930404           
12.125553           
13.879277           
12.930404           
16.952577           
11.751828           
12.776792           
14.174308           
11.706932           
11.298709           
14.428203           
12.122594           
12.930404           
14.223146           
12.930404           
12.930404           
11.932861           
11.939992           
12.930404           
13.410782           
12.616180           
11.865735           
12.930404           
11.235996           
13.018784           
14.246015           
12.930404           
13.417579           
12.798636           
13.690456           
12.577082           
13.249115           
14.225318           
11.165504           
12.930404           
12.495635           
11.599815           
12.194932           
11.054360           
12.483869           
12.621173           
14.616884           
16.740308           
14.565995           
13.670056           
15.777501           
13.018784           
13.653989           
14.383772           
12.930404           
13.202815           
15.085989           
12.194932           
12.930404           
12.672921           
12.930404           
12.841734           
13.102946           
13.171206           
13.087482           
16.598659           
11.269032           
13.272422           
13.370872           
15.085989           
12.932373           
12.930404           
12.930404           
13.338495           
18.729127           
14.320894           
12.542573           
12.447073           
13.710185           
11.298709           
16.247708           
14.976870           
12.301230           
11.614866           
11.625419           
13.948989           
13.018784           
15.115659           
12.483869           
12.194932           
13.390026           
12.930404           
12.483869           
12.194932           
15.085989           
12.930404           
12.930404           
12.930404           
12.266143           
18.597840           
13.885747           
15.900875           
14.164210           
12.930404           
13.429312           
14.716835           
12.189950           
12.483869           
13.075127           
14.457921           
14.223146           
11.351141           
11.706485           
11.419322           
13.272422           
13.331531           
12.308301           
13.685358           
12.203366           
12.483869           
13.583971           
12.930404           
12.930404           
14.114593           
13.018784           
14.848356           
13.410782           
12.807742           
11.495420           
12.930404           
12.930404           
15.085989           
11.859451           
12.930404           
15.763708           
14.246015           
12.380642           
12.930404           
14.495403           
12.203366           
15.593998           
12.930404           
12.930404           
12.823506           
13.018784           
13.018784           
11.419322           
13.281669           
11.394338           
13.249115           
12.930404           
13.018784           
12.595803           
13.390026           
12.011908           
14.896742           
13.319331           
12.408102           
12.930404           
12.621173           
14.223146           
12.930404           
12.189950           
12.236030           
13.381113           
13.095019           
19.664106           
12.236030           
14.225318           
14.225318           
14.511929           
12.930404           
10.774967           
12.930404           
14.469568           
12.483869           
12.643241           
12.194932           
11.047959           
14.155308           
15.932987           
11.889420           
11.959812           
12.308301           
11.599815           
12.979694           
14.933236           
15.257495           
12.930404           
12.191019           
17.506243           
12.930404           
13.535385           
11.677314           
12.930404           
11.315535           
13.075127           
12.707684           
12.203366           
13.724355           
10.888361           
12.398216           
12.408102           
13.670056           
11.706932           
11.308392           
11.327139           
15.085989           
11.664709           
12.220157           
12.930404           
13.466302           
12.483869           
12.459079           
17.241722           
12.930404           
12.930404           
11.114001           
12.483869           
13.197884           
11.865735           
14.563153           
15.932987           
12.308301           
15.416855           
14.484608           
14.041349           
12.632217           
14.225318           
12.051437           
15.085989           
14.279379           
11.938113           
15.003550           
12.447073           
14.889466           
12.010058           
11.353229           
13.018784           
11.165504           
14.268448           
13.386079           
14.428203           
12.930404           
13.466302           
14.959628           
14.603275           
13.263518           
13.018784           
13.455350           
13.913037           
15.085989           
13.125586           
15.172791           
12.542573           
12.483869           
13.670056           
13.410782           
12.930404           
12.092206           
13.879277           
10.482888           
13.724355           
12.930404           
12.930404           
11.377887           
15.993427           
14.164210           
12.532826           
12.219823           
12.347650           
14.616884           
12.003752           
13.622228           
14.012610           
12.823506           
11.371889           
15.085989           
13.300602           
12.310834           
14.387584           
12.532826           
12.733664           
11.706932           
17.114649           
11.414401           
13.214332           
12.979694           
14.125530           
13.710185           
13.390026           
14.616884           
14.757154           
13.081560           
12.930404           
18.399084           
12.219823           
12.930404           
13.018784           
12.567590           
14.389446           
12.221366           
12.930404           
13.973487           
13.107205           
11.706932           
12.208660           
12.983601           
13.445317           
14.225318           
14.684482           
12.930404           
14.446009           
14.225318           
15.040029           
10.774967           
11.093382           
12.944471           
14.900123           
10.888361           
12.194932           
11.327139           
12.930404           
11.646522           
13.390026           
14.225318           
12.549165           
15.040029           
11.298709           
12.211070           
13.724355           
18.715209           
12.930404           
13.390026           
11.319476           
11.048211           
13.988236           
12.170795           
13.018784           
13.499257           
13.499257           
19.046853           
12.255102           
15.062241           
12.347650           
12.975643           
12.930404           
12.621173           
12.066578           
13.158140           
13.973487           
10.774967           
12.930404           
10.774967           
14.400192           
12.307120           
12.194932           
16.787919           
13.965081           
12.643241           
11.057025           
13.364319           
14.041349           
12.930404           
11.054360           
12.221366           
14.225318           
13.506422           
12.930404           
10.888361           
12.621173           
16.269839           
13.583971           
12.010058           
12.236030           
11.725300           
13.735074           
13.390026           
14.387584           
13.670056           
13.102050           
14.043306           
12.930404           
12.930404           
14.387584           
