11.942053           
11.172359           
12.293086           
15.521336           
15.926011           
13.435223           
13.435223           
13.924766           
12.121334           
14.162753           
11.363448           
11.980108           
10.653880           
12.088738           
11.831904           
12.450611           
11.517025           
11.746206           
13.435223           
12.988949           
14.063761           
12.767766           
12.948980           
11.223727           
12.724601           
12.047686           
10.448976           
13.435223           
10.901373           
11.948110           
16.046347           
10.764944           
11.942053           
13.435223           
12.682388           
12.655459           
14.928484           
11.368537           
11.942053           
11.942053           
13.435223           
11.942053           
11.172359           
12.767766           
12.345047           
10.674750           
14.892249           
12.077968           
14.928484           
11.942053           
14.687356           
13.464073           
13.435223           
12.948980           
13.435223           
13.702314           
11.906332           
11.942053           
11.942053           
12.117708           
13.181529           
11.942053           
15.488973           
14.928484           
11.942053           
11.990787           
13.130882           
13.912789           
11.831904           
12.030128           
11.760484           
13.435223           
12.752358           
12.524679           
12.323068           
11.659515           
11.618702           
13.234195           
11.185901           
13.435223           
12.979437           
11.172359           
12.293086           
10.984685           
14.027382           
13.435223           
11.942053           
13.435223           
13.494606           
14.937647           
12.737849           
11.453608           
10.448976           
11.363448           
13.234195           
11.942053           
10.448976           
12.682388           
12.388225           
13.743412           
13.435223           
13.435223           
13.017879           
16.256805           
11.395305           
14.865949           
11.223727           
12.240181           
13.742857           
11.942053           
10.647912           
15.048938           
11.942053           
14.848504           
14.027382           
13.438245           
13.852836           
11.980108           
13.639028           
11.942053           
13.015339           
11.395687           
13.435223           
14.833992           
13.366135           
13.234195           
11.942053           
14.174671           
12.386327           
12.676364           
11.942053           
11.349426           
13.425673           
14.686965           
13.435223           
11.942053           
12.806462           
11.951779           
12.420959           
11.690438           
11.453608           
12.450611           
11.568266           
11.942053           
11.992305           
12.500117           
12.060181           
13.635864           
12.385022           
11.746206           
11.701442           
12.121334           
11.593423           
12.890655           
12.137812           
11.349426           
12.676364           
12.676364           
14.106784           
10.448976           
11.942053           
11.942053           
11.319731           
12.036410           
12.752358           
13.563149           
16.923403           
14.644183           
11.942053           
11.942053           
12.669954           
13.435223           
13.572168           
13.819875           
13.634978           
11.942053           
11.151104           
13.312168           
13.435223           
11.358323           
13.435223           
11.980108           
13.435223           
11.831904           
14.928484           
12.422089           
14.027382           
13.234195           
11.172359           
11.942053           
11.746439           
13.435223           
11.942053           
12.988949           
12.843404           
12.682388           
14.075147           
11.942053           
14.479810           
11.942053           
12.420959           
13.312573           
11.746439           
12.863439           
10.575961           
15.193832           
12.450611           
11.746439           
12.074764           
13.458264           
10.438837           
12.385022           
10.448976           
14.644183           
14.369974           
13.312573           
11.942053           
11.942053           
10.722131           
11.804997           
15.605863           
13.435223           
15.026126           
10.732220           
18.939506           
14.863993           
13.435223           
11.363448           
13.234195           
15.405385           
14.024110           
11.358323           
13.435223           
13.312573           
12.655459           
13.789698           
12.340446           
13.068742           
10.448976           
13.426190           
11.942053           
14.928484           
14.637051           
12.524679           
12.389783           
12.682388           
11.673921           
11.395687           
11.178394           
11.831904           
10.448976           
13.435223           
14.928484           
12.531227           
10.448976           
13.447374           
12.807430           
11.437731           
14.400596           
12.416545           
11.506969           
13.435223           
11.942053           
11.501080           
12.668663           
13.708197           
12.928183           
12.913294           
13.619237           
11.349426           
12.478904           
14.027382           
11.942053           
13.100563           
13.234195           
12.422089           
13.743412           
16.421836           
12.450611           
11.172359           
13.435223           
11.536364           
13.435223           
12.386327           
11.127168           
11.760484           
15.605048           
13.634937           
12.355901           
14.027382           
11.684792           
10.448976           
11.395305           
12.355901           
16.690317           
15.313702           
11.676494           
12.208971           
12.963609           
11.942053           
10.647912           
12.229875           
12.413060           
12.796805           
11.831904           
13.080841           
11.358323           
12.779516           
14.907173           
13.161420           
12.450611           
13.708197           
12.852325           
13.354032           
11.047623           
11.942053           
13.435223           
12.367906           
12.737849           
12.385022           
11.358323           
13.137683           
11.942053           
14.938156           
13.435223           
14.644183           
14.188714           
14.928484           
12.797250           
14.288382           
13.435223           
11.172359           
11.521800           
13.743412           
12.669954           
12.676364           
12.986296           
11.942053           
12.208971           
11.880859           
13.435223           
11.151104           
13.435223           
13.329182           
15.048938           
13.997877           
10.804580           
12.988949           
10.464143           
11.942053           
13.459504           
12.779516           
11.831904           
12.863439           
14.899004           
11.506969           
12.208971           
12.232698           
13.117240           
12.678901           
11.942053           
13.833634           
14.286476           
15.925908           
10.647912           
13.117240           
13.435223           
11.746439           
16.469761           
14.301834           
13.068742           
12.779516           
14.513345           
12.682388           
11.536364           
11.824916           
11.992305           
10.901373           
12.752358           
13.044250           
13.997877           
11.942053           
11.942053           
11.206245           
12.377547           
16.060693           
12.676364           
13.269216           
10.318482           
13.564475           
12.156300           
10.890048           
12.894819           
14.645307           
16.060693           
13.511418           
14.037130           
11.717998           
13.997877           
14.644183           
12.385022           
12.232698           
11.157970           
14.928484           
14.507119           
14.247222           
13.819875           
10.929710           
15.894830           
11.057345           
11.443455           
14.027382           
12.047686           
11.942053           
10.528534           
15.435162           
10.775132           
11.980108           
11.395305           
10.804580           
12.488804           
12.047686           
11.804997           
11.735619           
11.942053           
15.119082           
11.930759           
14.726476           
15.370487           
10.448976           
14.928484           
13.114813           
13.435223           
13.564475           
11.673921           
14.686965           
17.090047           
13.558392           
18.199366           
11.942053           
10.876999           
16.011678           
15.757596           
13.470680           
11.942053           
11.113268           
13.743412           
12.863439           
13.095453           
13.435223           
16.289534           
15.048938           
13.144147           
13.190118           
11.942053           
14.191866           
15.521336           
12.258097           
10.448976           
12.524679           
10.045420           
11.453608           
13.071232           
12.299948           
15.043700           
11.831904           
11.942053           
12.154741           
11.831904           
11.349426           
16.421836           
13.846808           
12.682388           
13.428384           
13.435223           
13.435223           
16.096305           
11.942053           
12.676364           
13.435223           
13.544861           
12.069474           
10.254228           
11.699453           
12.961619           
11.756633           
14.286476           
11.942053           
11.942053           
12.232698           
11.942053           
12.014177           
13.061786           
12.400059           
11.405387           
15.921798           
12.014177           
11.363448           
12.450611           
11.942053           
15.066001           
11.760484           
11.469278           
12.682388           
12.682388           
13.807007           
13.985428           
11.255630           
13.366135           
12.232698           
11.942053           
12.561026           
17.490318           
11.942053           
14.759998           
11.980108           
12.595148           
12.524679           
12.524679           
12.482309           
11.942053           
11.692547           
12.959532           
12.843404           
11.172359           
13.435223           
13.784926           
12.682388           
13.435223           
10.692465           
11.980108           
12.678901           
14.644183           
11.806132           
12.682388           
14.492965           
10.647874           
10.722131           
19.498929           
13.435223           
10.448976           
12.117708           
10.258118           
11.942053           
10.984382           
12.075360           
14.938156           
11.942053           
14.890086           
11.942053           
12.420959           
14.644183           
12.863439           
11.835534           
11.942053           
12.587725           
12.014177           
13.179918           
13.270302           
11.959433           
14.863605           
12.551539           
12.737849           
12.779516           
14.447716           
16.421836           
10.567916           
11.942053           
15.371332           
12.170628           
13.435223           
10.448976           
11.942053           
14.118376           
13.114813           
12.676364           
13.670396           
13.435223           
13.234195           
11.980108           
11.536364           
11.942053           
18.517797           
11.686141           
11.980108           
11.930759           
12.802877           
10.448976           
16.365687           
11.395305           
10.448976           
13.435223           
14.928484           
13.435223           
14.928484           
11.942053           
12.386327           
14.875562           
13.435223           
11.358323           
12.385022           
11.746439           
11.318533           
13.234195           
11.942053           
11.349426           
12.655459           
12.988949           
13.398706           
12.599746           
10.674218           
10.953242           
12.840213           
13.803636           
12.047686           
15.006569           
11.942053           
11.685301           
12.388225           
13.564475           
10.810295           
10.811793           
13.928565           
12.524679           
12.223376           
12.420959           
11.942053           
13.652440           
12.500117           
14.027382           
12.903794           
10.119756           
11.942053           
12.743238           
13.435223           
12.597950           
15.476200           
11.942053           
13.435223           
14.250538           
11.942053           
12.029858           
11.363448           
13.639028           
11.453608           
10.756092           
14.027382           
13.980489           
13.435223           
11.942053           
13.435223           
13.634937           
12.488397           
11.942053           
11.673921           
11.980108           
13.435223           
11.717098           
11.172359           
12.121782           
10.448976           
12.575776           
13.887975           
12.086216           
15.110576           
13.802664           
11.031643           
13.116363           
13.670396           
11.044944           
11.942053           
10.609209           
11.348023           
16.421836           
12.743238           
11.443455           
11.447336           
13.234195           
11.746206           
10.928229           
12.386327           
12.531227           
11.249288           
11.942053           
16.421836           
11.942053           
13.207805           
13.833634           
12.569261           
12.385022           
11.980108           
13.817140           
14.109742           
13.435223           
11.358323           
11.349426           
15.583167           
11.367302           
13.742857           
13.234195           
13.803468           
13.366135           
13.737790           
13.499851           
14.027382           
11.942053           
11.034878           
12.208309           
11.942053           
10.872297           
11.744545           
13.234195           
10.448976           
11.831904           
13.435223           
12.585584           
12.117849           
10.508122           
13.435223           
12.793792           
11.499134           
11.673921           
12.580863           
13.799725           
13.299758           
12.272865           
11.044944           
11.756633           
12.929958           
12.524679           
12.232698           
12.208971           
11.206245           
10.678757           
12.355901           
11.942053           
14.644183           
13.743412           
12.959532           
11.181421           
13.374888           
14.644183           
12.422089           
12.902315           
13.136274           
15.435162           
11.831904           
11.358323           
13.031018           
13.346361           
10.448976           
9.905607            
11.942053           
13.435223           
12.488313           
13.708197           
12.585584           
12.912398           
11.942053           
13.435223           
13.435223           
12.385022           
12.388225           
11.349426           
14.422708           
11.172359           
12.385022           
13.980489           
11.942053           
14.928484           
12.884794           
12.682388           
13.319524           
12.484850           
13.435223           
12.047686           
12.450611           
13.435223           
13.435223           
12.436390           
13.068742           
18.132142           
12.018677           
11.942053           
12.890144           
13.960850           
13.708197           
11.172359           
11.942053           
12.500117           
11.746206           
12.771286           
13.883371           
13.435223           
10.611144           
12.560397           
12.014177           
14.928484           
14.928484           
12.029858           
11.942053           
16.296557           
10.626698           
11.942053           
13.071297           
11.942053           
11.555148           
11.363448           
10.626698           
13.114486           
12.047118           
12.047118           
13.459834           
11.942053           
13.319524           
12.450611           
11.419698           
10.929710           
14.551673           
11.349426           
11.236044           
10.448976           
17.189437           
11.942053           
11.717998           
13.435223           
12.779516           
12.385022           
13.435223           
12.620581           
11.018597           
12.524679           
16.421836           
14.644183           
12.377547           
10.448976           
16.421836           
11.057345           
11.057345           
12.767766           
12.676364           
13.693215           
13.897360           
10.988747           
10.415505           
13.039585           
11.942053           
11.942053           
13.435223           
12.293086           
10.438837           
11.363448           
13.435223           
13.312573           
14.644183           
12.799195           
14.892249           
12.272865           
12.678901           
11.223727           
11.831904           
10.678757           
13.715116           
12.867628           
14.563546           
13.435223           
11.453608           
12.422089           
11.603236           
11.942053           
11.499134           
13.435223           
11.363448           
12.682388           
11.857128           
11.506969           
13.351232           
12.776197           
11.942053           
14.928484           
11.746206           
10.446484           
16.060693           
13.366135           
13.234195           
13.380345           
13.891512           
12.060181           
13.634937           
12.042289           
11.806561           
13.435223           
11.942053           
13.564475           
13.435223           
13.634978           
17.394061           
11.726346           
13.319524           
13.639028           
11.057345           
11.172359           
11.358323           
11.044944           
13.336171           
12.524679           
13.130318           
12.676364           
13.694706           
11.942053           
12.420959           
11.942053           
14.907173           
11.982032           
12.890144           
13.435223           
15.521336           
11.077216           
13.234195           
15.270949           
15.382751           
11.746206           
15.033754           
12.524679           
13.639028           
12.682388           
11.942053           
12.077968           
11.942053           
13.833634           
11.746206           
12.077968           
12.415838           
11.974539           
11.358323           
13.435223           
13.997877           
12.232698           
17.345855           
14.686965           
12.420959           
11.358323           
13.435223           
13.672544           
11.942053           
11.942053           
11.942053           
12.807430           
16.421836           
12.450611           
10.822368           
14.637051           
11.044944           
11.349426           
10.814161           
11.949611           
13.435223           
12.450611           
12.361637           
15.718634           
12.232698           
14.644183           
13.015339           
11.942053           
11.942053           
13.647337           
14.903336           
13.435223           
13.997877           
11.942053           
13.924766           
12.446257           
12.450611           
14.928484           
13.621191           
14.726476           
15.610832           
13.234195           
14.928484           
16.060693           
12.663304           
12.682388           
12.090009           
16.965341           
11.151104           
12.863439           
11.318533           
11.942053           
12.682388           
11.536364           
11.850262           
12.416103           
15.654695           
13.310169           
10.797739           
16.137267           
11.223727           
11.867150           
13.114813           
