13.656244           
12.952270           
14.304676           
13.674320           
12.886857           
12.594969           
12.967376           
13.360531           
12.824172           
12.945331           
14.133499           
11.830056           
14.304676           
11.688722           
15.360268           
12.496420           
14.614018           
11.568764           
11.302633           
12.302481           
14.163050           
13.917556           
14.304676           
14.436556           
14.507714           
12.335800           
13.025369           
11.348161           
11.348161           
14.304676           
14.304676           
17.540561           
16.075973           
11.641853           
13.025369           
13.193815           
12.989063           
15.880940           
11.611720           
11.305750           
11.408074           
13.025369           
11.857729           
11.579821           
13.917556           
12.055198           
13.917556           
15.854384           
14.304676           
12.377973           
12.516214           
13.360531           
15.360268           
13.761426           
11.894303           
13.527815           
17.623113           
15.312315           
11.611720           
13.363874           
13.193815           
12.887761           
16.234403           
10.730801           
10.972227           
13.527815           
16.575555           
12.950914           
13.193815           
13.321592           
12.945331           
15.447076           
10.727860           
11.611720           
14.106055           
11.462562           
11.996925           
10.727860           
14.304676           
14.802442           
14.802442           
11.001116           
13.025369           
13.177863           
14.304676           
10.746410           
10.876455           
13.335970           
14.418491           
14.304676           
11.408074           
11.865102           
12.516214           
14.304676           
11.898489           
14.502241           
10.790696           
10.727860           
12.856664           
11.125304           
13.193815           
12.841055           
11.317696           
11.283345           
11.095212           
10.858765           
11.703643           
12.706531           
11.865102           
12.516214           
11.243622           
14.794529           
14.255243           
12.516214           
12.516214           
16.393122           
12.705159           
12.335800           
14.719374           
14.304676           
13.004165           
11.408074           
13.025369           
14.304676           
12.887761           
13.409882           
12.516214           
11.854949           
14.630355           
11.799456           
14.304676           
13.360531           
12.309592           
12.255200           
12.516214           
13.324550           
13.025369           
13.025369           
13.025369           
13.656244           
12.516214           
12.841055           
12.255200           
11.486699           
11.348161           
12.824172           
11.994729           
12.841055           
12.616357           
13.044481           
12.227025           
14.304676           
14.304676           
13.419066           
12.516214           
14.304676           
13.656244           
13.044481           
11.703643           
12.516214           
14.665919           
14.304676           
14.304676           
14.502241           
11.717579           
12.824172           
13.193815           
12.841055           
12.516214           
14.133499           
17.656564           
12.951189           
12.048967           
13.025369           
15.100465           
13.025369           
13.025369           
15.220389           
12.176619           
13.917556           
13.025369           
12.516214           
13.193815           
11.833570           
16.083753           
12.841055           
12.689937           
11.408074           
14.502241           
13.072196           
14.304676           
10.740167           
13.668365           
16.411586           
11.099736           
11.898489           
12.388530           
14.434481           
12.516214           
12.516214           
11.410348           
11.348161           
14.304676           
15.360268           
14.304676           
13.322546           
14.821512           
13.025369           
14.502241           
12.255200           
14.066860           
11.918890           
12.841055           
15.669457           
14.054139           
13.206180           
11.348161           
12.194260           
14.568993           
15.118256           
14.634127           
15.001628           
13.743533           
13.064979           
12.841055           
12.289769           
12.516214           
13.432742           
12.255200           
13.982752           
14.304676           
16.411586           
11.703643           
12.516214           
12.841055           
11.759251           
11.141289           
12.841055           
12.289769           
11.598984           
13.025369           
12.255200           
12.573678           
13.527815           
12.309592           
13.025369           
12.516214           
14.502241           
15.956462           
14.066860           
14.047934           
14.304676           
14.802442           
15.902803           
16.192324           
12.341324           
13.527815           
12.745364           
12.246392           
11.671832           
12.199739           
15.782788           
14.802442           
17.461461           
14.304676           
14.189815           
14.965036           
12.841055           
12.647496           
11.717205           
12.516214           
13.124904           
11.348161           
13.744257           
11.243622           
15.711317           
12.516214           
11.206820           
10.727860           
11.579821           
13.397769           
12.377973           
14.713857           
11.238126           
18.047292           
12.516214           
13.136444           
12.945331           
11.748921           
13.193815           
13.917556           
12.516214           
13.465868           
13.025369           
13.190056           
13.770910           
14.802442           
13.766839           
12.444861           
10.911200           
15.575285           
13.193815           
13.917556           
13.568050           
11.622814           
11.661890           
16.411586           
14.304676           
13.701608           
14.236538           
11.320430           
11.703852           
13.455997           
14.304676           
11.348161           
12.945331           
12.079987           
17.197939           
12.959990           
11.243622           
11.959217           
12.516214           
12.647348           
12.959990           
12.293180           
11.095212           
14.484639           
14.198253           
14.983252           
13.560241           
11.099736           
11.125304           
15.696685           
12.516214           
13.902916           
14.713857           
12.255200           
12.950914           
12.516214           
15.843436           
13.193815           
13.917556           
11.703643           
16.234403           
12.516214           
12.388530           
12.309592           
12.194260           
11.782591           
14.304676           
16.093246           
13.669544           
17.197939           
12.516214           
11.579821           
13.747126           
12.808984           
11.319527           
13.395204           
14.304676           
14.304676           
14.236538           
12.928189           
16.280477           
15.854384           
10.727860           
12.594969           
12.516214           
13.488843           
11.580413           
12.777214           
14.304676           
10.746410           
12.516214           
11.984333           
12.531637           
12.688611           
12.516214           
12.841055           
12.199739           
14.528090           
12.176619           
12.959990           
12.856664           
13.193815           
12.516214           
14.542185           
12.516214           
11.489762           
13.967963           
13.193815           
13.562633           
12.516214           
11.703852           
16.083753           
13.025369           
12.770536           
12.756168           
12.754544           
13.025369           
12.516214           
14.528090           
11.703643           
14.198305           
13.209510           
12.480348           
11.671832           
13.025369           
14.304676           
11.541226           
14.304676           
12.075524           
12.950914           
14.713857           
10.727860           
13.769859           
14.816973           
10.948690           
12.079987           
11.348161           
16.281314           
12.516214           
13.811682           
14.198305           
12.377973           
11.444735           
14.841087           
15.354631           
13.906148           
10.727860           
13.369001           
14.304676           
10.727860           
12.549564           
13.337524           
13.527815           
14.841087           
12.516214           
14.133499           
13.922763           
14.937983           
13.708449           
10.977880           
11.030373           
12.622228           
10.730801           
10.727860           
12.482696           
12.057974           
12.075256           
11.999472           
12.183862           
12.856664           
11.887518           
12.516214           
11.243622           
11.685110           
13.277233           
12.750835           
13.617495           
13.025369           
13.025369           
12.299445           
12.516214           
14.821512           
12.516214           
12.594969           
11.579821           
12.516214           
12.516214           
16.369849           
12.255200           
14.049966           
15.279993           
13.930872           
15.220389           
12.080143           
12.516214           
14.198253           
12.516214           
13.917556           
12.268389           
16.548530           
17.881924           
12.824172           
14.614018           
11.408074           
12.377973           
13.656244           
16.196305           
14.502241           
12.125232           
10.727860           
13.025369           
15.001628           
14.625744           
14.304676           
11.099736           
11.579821           
14.677735           
14.057620           
14.733732           
14.713857           
12.520330           
11.348161           
13.025369           
12.496420           
14.981657           
13.025369           
11.703643           
12.289769           
16.093246           
15.140714           
14.802442           
12.448527           
10.727860           
12.516214           
11.830056           
12.945331           
12.516214           
12.227025           
11.408074           
12.875755           
14.304676           
11.418953           
14.802442           
10.933126           
10.727860           
14.502241           
14.304676           
11.225424           
12.516214           
11.001116           
12.516214           
12.482696           
11.994729           
15.403309           
14.304676           
11.611720           
12.841055           
12.289769           
12.516214           
15.284777           
14.455332           
15.956462           
11.243622           
11.348161           
13.193815           
15.895233           
12.516214           
14.062743           
11.579821           
15.220389           
11.099736           
13.491797           
15.575984           
13.321592           
11.994729           
13.917556           
11.857729           
16.234403           
13.205223           
13.193815           
12.594969           
12.945331           
14.649600           
10.778394           
14.304676           
13.169380           
10.727860           
12.740410           
13.187792           
14.304676           
11.901418           
13.914274           
13.064979           
11.127078           
11.893640           
14.959388           
15.469620           
14.878501           
11.857729           
13.711725           
12.516214           
12.255200           
13.381736           
13.721696           
12.255200           
12.516214           
11.243622           
13.246340           
13.037503           
13.121217           
13.360531           
14.821512           
10.727860           
11.094221           
11.202772           
13.025369           
15.843436           
15.887287           
14.821512           
16.411586           
14.669134           
15.360268           
11.688722           
12.841055           
11.624087           
13.527815           
14.369098           
12.516214           
14.895117           
12.812333           
12.516214           
11.791034           
11.030373           
13.594753           
14.304676           
13.047346           
12.516214           
13.974237           
10.756552           
16.106040           
14.047934           
10.924915           
10.816119           
11.564904           
12.841055           
11.731047           
13.381736           
10.727860           
13.488843           
12.594969           
10.727860           
12.502883           
16.241583           
12.048967           
13.001124           
13.747126           
13.761426           
11.122336           
11.231147           
11.847486           
11.994729           
11.288921           
10.727860           
12.945072           
12.135270           
11.713749           
13.559482           
12.289769           
14.304676           
11.243622           
14.802442           
13.429548           
14.713857           
13.025369           
12.594969           
17.197939           
11.408074           
14.049966           
12.220696           
11.408074           
12.945331           
11.495945           
14.304676           
13.917556           
18.402291           
16.547482           
13.378549           
14.304676           
14.239634           
14.345967           
12.516214           
14.802442           
13.917556           
12.950914           
12.289769           
14.304676           
14.802442           
11.366539           
15.696685           
13.527815           
14.304676           
12.777747           
16.471196           
13.025369           
14.304676           
14.502241           
10.727860           
12.945331           
12.498833           
13.983325           
14.198253           
11.348161           
14.304676           
11.348161           
16.411586           
12.482696           
12.786139           
11.688722           
13.708449           
14.727503           
13.605853           
12.099726           
16.075973           
13.491797           
10.858765           
12.293392           
14.634127           
17.163768           
13.025369           
12.516214           
14.713857           
13.025369           
14.304676           
12.558228           
12.594969           
13.967963           
13.429548           
12.006088           
14.455332           
12.653606           
13.917556           
10.727860           
12.516214           
16.093246           
14.159586           
12.740705           
11.840144           
12.352507           
11.703643           
13.680076           
9.894094            
13.917556           
14.304676           
11.703643           
11.710594           
11.408074           
12.892102           
10.858765           
14.304676           
14.304676           
13.679366           
13.917556           
13.360531           
13.209510           
11.469724           
10.756552           
11.462562           
12.268389           
14.436556           
11.056830           
13.193815           
12.516214           
14.446770           
13.134575           
15.706399           
12.945331           
12.240671           
12.516214           
12.194260           
16.093246           
14.436556           
15.744958           
11.243622           
11.688722           
12.496420           
11.266554           
13.067117           
12.950914           
12.079987           
13.395204           
14.304676           
12.516214           
17.510221           
13.193815           
12.594969           
14.304676           
12.309592           
14.625744           
12.728569           
11.104271           
12.516214           
10.791057           
13.025369           
12.516214           
11.317696           
17.881924           
12.460047           
12.945331           
12.516214           
15.603947           
13.020274           
13.930872           
12.945331           
11.809656           
13.025369           
14.304676           
12.841055           
11.703643           
11.817731           
12.594969           
12.594969           
13.032573           
14.304676           
14.345967           
11.302633           
14.719374           
14.713857           
16.093246           
11.688722           
11.302633           
14.981657           
13.953773           
12.945331           
13.047150           
12.516214           
11.492098           
11.243622           
12.841055           
13.997151           
12.047079           
13.009846           
14.304676           
13.974237           
12.516214           
17.881924           
13.025369           
13.944167           
14.198253           
15.097768           
12.032848           
13.025369           
12.516214           
12.777747           
16.285449           
12.246739           
11.541889           
16.260774           
16.411586           
13.025369           
14.198253           
15.806721           
11.243622           
11.703643           
10.727860           
16.651989           
12.097234           
12.289769           
14.304676           
11.830056           
12.516214           
11.348161           
11.348161           
13.031394           
14.304676           
14.304676           
11.676212           
13.527815           
15.220389           
14.752910           
12.516214           
11.812717           
16.822167           
13.205223           
14.304676           
13.193815           
16.494382           
11.688722           
15.647250           
13.849543           
12.875755           
11.001116           
10.727860           
13.200098           
12.797583           
13.395204           
12.516214           
13.555633           
13.066534           
10.727860           
12.079987           
13.583955           
15.305345           
14.198957           
11.579821           
13.531661           
12.475872           
12.289769           
13.906173           
12.516214           
12.516214           
14.304676           
13.238066           
11.701637           
13.205223           
10.989141           
11.857729           
12.649375           
13.321592           
11.965560           
11.473741           
12.758730           
12.418352           
11.378591           
12.635729           
12.841055           
12.824172           
11.703852           
11.688722           
13.025369           
12.841055           
13.025369           
11.005259           
14.498520           
11.243622           
12.739376           
13.906173           
13.390935           
11.348161           
11.326766           
11.325103           
13.025369           
12.683140           
12.673416           
11.703643           
11.492098           
14.304676           
11.817731           
13.046869           
14.455332           
13.432742           
15.762375           
12.841055           
13.656244           
11.580413           
11.408074           
12.244867           
12.079987           
12.761145           
12.594969           
12.255200           
13.193815           
12.516214           
10.727860           
12.945279           
14.107643           
12.516214           
13.193815           
14.614018           
14.304676           
14.304676           
14.304676           
18.152739           
12.841055           
13.193815           
12.516214           
12.516214           
14.304676           
13.193815           
12.516214           
12.194260           
12.516214           
13.025369           
10.727860           
19.528510           
12.516214           
11.866543           
14.244949           
11.270450           
12.377973           
17.881924           
12.199739           
12.376486           
12.841055           
13.249538           
13.025369           
12.777214           
13.917556           
17.398249           
12.424757           
14.304676           
12.782734           
13.429548           
17.779836           
11.397348           
12.265160           
12.797688           
12.079987           
12.309592           
16.439263           
11.467015           
13.356673           
13.406142           
11.759060           
13.809043           
14.436556           
12.407515           
