LLR                 
11.510893           
14.471555           
12.271531           
13.197698           
12.662185           
14.630462           
11.325456           
11.325456           
13.209020           
12.797308           
16.510383           
12.126268           
12.288523           
10.852936           
11.552363           
10.994925           
14.471555           
14.938709           
16.067873           
10.907752           
11.510893           
12.662185           
16.108863           
12.871144           
11.604358           
12.064884           
11.423125           
13.778656           
11.510893           
10.761017           
13.374187           
12.662185           
11.062131           
13.741743           
13.162557           
12.339334           
12.860465           
14.459034           
11.692742           
12.070130           
13.322427           
11.325456           
14.471555           
14.471555           
14.185218           
15.129209           
11.841220           
14.185218           
12.268327           
12.662185           
12.662185           
14.471555           
12.871144           
10.852936           
11.585149           
12.662185           
13.041489           
14.471555           
12.339334           
12.328802           
12.662185           
12.288523           
11.510893           
11.510893           
11.604358           
12.476259           
17.524455           
11.916717           
12.666824           
10.984777           
12.305399           
13.427844           
13.209020           
16.696973           
11.510893           
10.852936           
14.135815           
11.510893           
14.450953           
14.471555           
14.242238           
13.730457           
12.521181           
15.490468           
14.471555           
13.427844           
15.539618           
13.966105           
13.846398           
13.217166           
11.510893           
12.069936           
14.471555           
11.385297           
14.832908           
14.740424           
14.450953           
13.835972           
12.273508           
11.423125           
12.645132           
14.471555           
13.209020           
11.349262           
12.396119           
14.471555           
12.383188           
11.604358           
10.927808           
12.662185           
13.448225           
16.422622           
12.662185           
12.662185           
14.134341           
15.103778           
11.916717           
17.315329           
14.471555           
13.844594           
11.510893           
16.345718           
12.743105           
14.471555           
13.277013           
10.310700           
13.142561           
11.949840           
12.521181           
13.214419           
12.662185           
11.362727           
13.213112           
13.582100           
13.041489           
13.704631           
11.920187           
13.782805           
14.471555           
13.343992           
11.800087           
16.993534           
11.916717           
13.209020           
11.362727           
13.209020           
14.471555           
14.471555           
13.052317           
10.994925           
13.867207           
13.142561           
11.353655           
11.551405           
14.628204           
11.752557           
11.274344           
13.589321           
10.994925           
12.662185           
11.544111           
14.471555           
12.662185           
14.320090           
10.240033           
11.822350           
12.662185           
13.711443           
13.730457           
12.661037           
13.142561           
12.666824           
13.278042           
12.690045           
12.090765           
12.662185           
13.041489           
11.510893           
14.242238           
14.320060           
12.662185           
13.209020           
11.658722           
12.556735           
13.041489           
14.471555           
13.066653           
12.662185           
13.709883           
12.102072           
11.510893           
14.970312           
13.413566           
13.771158           
13.377789           
15.103778           
13.741743           
12.662185           
13.041489           
13.041489           
12.940588           
14.586966           
13.427844           
14.370026           
12.512285           
11.822350           
14.073772           
12.662185           
14.519811           
14.471555           
14.471555           
12.108416           
10.852936           
16.691429           
12.643317           
14.471555           
10.852936           
13.549875           
12.305399           
12.662185           
13.062003           
11.822350           
12.871144           
13.041489           
13.715506           
12.365286           
13.041489           
14.630462           
13.454650           
13.300966           
12.566648           
10.921693           
14.471555           
12.475665           
12.662185           
10.852936           
10.961851           
12.662185           
10.852936           
11.145119           
11.329975           
13.220207           
11.382958           
12.546620           
13.439671           
16.281047           
12.662185           
14.108536           
14.185218           
12.283549           
12.102072           
14.471555           
11.510893           
11.210062           
12.662185           
11.937941           
16.335127           
13.108834           
15.103778           
13.473203           
12.305399           
10.984777           
16.804945           
12.662185           
11.697506           
12.662185           
13.778656           
13.730457           
11.973413           
12.521181           
11.340831           
11.993992           
11.107495           
12.662185           
12.867432           
11.550098           
14.044520           
11.916717           
14.471555           
11.388024           
13.475271           
13.108834           
13.847924           
12.380355           
11.149311           
12.662185           
13.170174           
17.676184           
14.063319           
13.427844           
18.543832           
12.662185           
11.325456           
14.938366           
12.039308           
11.921781           
12.513964           
13.245058           
12.662185           
10.852936           
15.999203           
13.041489           
13.142561           
14.471555           
12.556735           
12.039308           
11.916717           
16.948701           
11.532945           
11.916717           
10.852936           
11.353655           
12.662185           
14.918442           
13.209020           
14.471555           
11.393161           
13.473203           
17.402924           
12.556735           
13.427844           
13.156622           
12.662185           
13.899444           
12.140859           
12.743105           
13.744579           
12.305399           
13.315092           
13.041489           
11.692807           
13.414230           
14.471555           
10.856836           
14.185218           
13.233286           
11.510893           
13.041489           
12.662185           
12.556735           
11.136954           
12.662185           
12.355365           
10.883721           
17.978754           
11.388024           
14.471555           
15.512225           
10.984777           
12.647525           
17.160237           
12.899318           
11.739764           
12.653539           
10.852936           
13.714363           
16.099970           
14.898510           
13.835972           
10.907752           
15.717013           
14.321727           
13.757382           
10.852936           
11.411858           
16.281047           
10.856836           
12.662185           
12.642101           
14.976187           
12.662185           
15.266947           
11.822350           
15.598181           
12.039308           
12.489098           
14.471555           
12.328802           
14.471555           
12.102072           
14.471555           
11.973413           
10.852936           
11.325456           
14.918442           
18.081672           
13.209020           
14.658207           
11.658511           
13.242607           
13.050320           
12.849212           
13.580888           
13.427844           
13.359789           
12.474745           
10.994925           
14.353115           
14.066709           
11.356578           
12.662185           
14.118400           
16.357967           
13.427844           
13.497509           
16.515404           
11.241164           
13.209020           
11.423125           
10.852936           
14.524972           
13.384938           
14.471555           
14.918442           
13.414230           
15.108213           
12.204473           
10.852936           
12.305399           
12.268272           
12.797308           
13.041489           
12.662185           
14.027244           
12.129030           
11.877799           
14.660904           
12.006608           
12.843007           
13.921369           
14.471555           
13.427844           
11.916717           
10.852936           
14.471555           
12.741533           
12.701694           
12.305399           
13.427844           
12.546620           
12.197682           
11.111875           
12.662185           
11.916717           
12.741533           
12.662185           
10.852936           
12.995484           
11.057924           
13.473203           
11.393161           
15.607150           
12.827220           
11.949840           
11.978086           
13.414230           
11.057924           
14.578292           
17.043560           
14.549257           
14.221764           
12.662185           
12.662185           
16.281047           
13.709883           
14.471555           
14.185218           
11.783215           
16.637119           
13.162557           
14.918442           
14.471555           
12.039308           
11.393161           
14.471555           
12.029953           
12.662185           
12.791573           
13.600967           
13.236947           
13.427844           
10.852936           
12.642101           
11.679021           
11.393161           
12.662185           
11.598782           
15.103778           
14.788300           
19.806440           
13.427844           
13.041489           
12.339334           
14.471555           
11.921781           
14.676711           
14.195237           
16.823666           
10.852936           
14.381908           
13.698713           
14.185218           
12.662185           
11.515709           
11.510893           
13.041489           
12.808486           
12.121601           
11.790653           
11.510893           
11.973413           
12.851826           
13.162557           
13.427844           
13.359789           
14.471555           
13.615278           
12.191222           
13.041489           
13.427844           
14.471555           
13.721201           
10.852936           
17.059626           
13.612606           
12.662185           
14.471555           
12.092075           
11.536991           
12.911548           
11.423125           
12.662185           
11.818623           
16.281047           
13.060607           
12.305399           
12.871144           
13.384938           
12.662185           
13.876455           
15.103778           
13.041489           
11.510893           
14.145637           
12.857112           
17.091878           
13.427844           
13.850685           
14.750580           
13.618598           
13.236947           
13.108834           
13.214419           
12.995484           
11.684585           
14.698454           
12.871144           
12.477905           
11.604358           
11.510893           
12.092075           
18.081672           
13.427844           
12.631450           
13.162557           
14.471555           
12.662185           
11.973413           
11.423125           
14.471555           
12.039308           
11.353655           
14.471555           
12.477905           
10.852936           
14.740424           
13.209020           
11.544111           
13.121005           
14.471555           
13.804476           
11.471594           
10.852936           
13.955468           
10.994925           
11.423125           
16.393400           
13.041489           
15.769380           
13.041489           
13.475271           
13.209020           
12.662185           
12.339334           
11.510893           
12.259366           
11.510893           
13.730457           
13.209020           
15.525182           
19.463843           
13.041489           
13.640684           
11.336699           
14.450953           
10.333000           
11.604358           
13.259649           
11.916717           
14.471555           
12.662185           
14.488826           
12.339334           
13.244973           
13.966105           
12.495832           
11.423125           
11.916717           
10.856836           
12.662185           
13.142561           
13.677754           
11.510893           
13.709883           
13.625865           
11.916717           
15.503560           
13.214419           
11.604358           
10.852936           
13.209020           
12.531871           
13.631523           
11.822350           
13.910314           
14.970312           
13.209020           
12.401547           
15.444755           
12.662185           
15.134068           
11.420153           
11.353655           
15.876280           
12.662185           
11.645427           
11.536991           
12.109870           
14.471555           
12.741533           
12.447348           
12.662185           
11.604358           
11.871724           
15.605581           
13.414230           
13.209020           
14.970312           
12.887067           
10.852936           
11.436594           
11.973615           
11.907572           
11.321161           
13.209020           
14.471555           
14.459746           
12.662185           
12.662185           
11.327714           
14.471555           
12.396119           
11.423125           
11.692127           
11.057924           
13.142561           
12.708649           
10.856836           
12.857112           
14.873934           
11.867221           
13.302593           
13.209020           
11.469428           
11.822350           
10.996174           
11.935250           
12.662185           
14.740424           
12.508824           
10.852936           
13.241657           
11.536991           
10.852936           
11.423125           
14.665043           
12.662185           
12.662185           
12.562157           
14.471555           
13.302135           
14.471555           
11.973413           
16.559789           
11.530906           
12.662185           
14.527116           
11.198592           
14.524972           
16.389126           
12.662185           
15.430657           
12.686561           
14.539551           
16.281047           
11.916717           
11.960498           
13.877111           
11.362727           
14.016793           
14.471555           
11.916717           
12.662185           
12.421043           
13.778656           
12.662185           
11.353655           
12.902596           
12.339334           
15.833463           
13.058604           
13.247969           
10.745415           
13.730457           
12.662185           
14.471555           
13.041489           
11.963295           
10.902283           
12.268327           
12.871144           
14.471555           
11.973615           
11.916717           
12.419032           
12.662185           
12.477905           
12.871144           
13.035242           
12.666824           
12.259366           
11.423125           
12.662185           
12.662185           
13.715122           
11.692127           
13.738828           
14.471555           
13.162557           
12.387427           
11.134649           
12.759305           
14.488826           
13.414230           
16.580102           
11.423125           
11.510893           
14.471555           
11.497722           
13.142561           
13.811241           
12.857112           
15.728928           
13.515513           
12.662185           
15.277894           
12.483552           
14.750580           
12.662185           
11.510893           
12.662185           
13.162557           
14.970312           
11.684585           
12.175107           
12.665854           
11.322869           
14.471555           
12.899318           
10.572664           
13.041489           
13.454401           
13.297697           
13.441590           
14.063319           
16.993534           
14.205416           
13.209020           
11.335417           
13.049577           
13.041489           
12.618941           
11.530906           
11.510893           
11.934418           
11.994638           
12.743105           
13.659153           
12.662185           
13.943883           
12.662185           
13.956449           
10.852936           
13.209020           
11.510893           
14.471555           
13.251900           
13.115698           
11.423125           
10.852936           
13.589321           
13.214419           
11.853292           
14.303288           
11.325456           
11.271372           
12.662185           
14.082488           
11.272495           
12.662185           
16.281047           
12.073789           
10.518602           
11.325456           
11.604358           
16.111060           
11.882807           
10.856836           
14.471555           
12.854896           
14.524972           
15.958295           
14.471555           
12.951761           
13.041489           
12.339334           
13.013803           
13.162557           
14.749192           
12.556735           
12.880450           
11.503069           
11.516444           
11.786568           
12.513964           
12.662185           
12.565203           
11.604358           
13.393905           
18.528887           
11.322869           
11.271372           
12.990105           
15.317394           
12.781347           
13.041489           
14.613982           
12.662185           
13.778656           
11.550098           
11.960270           
14.740424           
14.918442           
11.262875           
13.505477           
12.662185           
10.852936           
12.491519           
12.662185           
12.333714           
13.214419           
11.937941           
15.631035           
10.988124           
12.953865           
14.698454           
13.427844           
14.063319           
11.393969           
11.060827           
11.800284           
13.441590           
11.604358           
11.965244           
11.510893           
12.662185           
10.852936           
13.361638           
13.214419           
15.034194           
13.041489           
15.648923           
10.852936           
12.765524           
14.051072           
13.041489           
11.916717           
13.040170           
13.778656           
13.132539           
12.109870           
13.778656           
12.560369           
11.916717           
11.325456           
12.871144           
11.999598           
13.041489           
13.041489           
14.361239           
14.471555           
10.889569           
13.441794           
12.662185           
11.804932           
12.495832           
12.678168           
11.973413           
14.471555           
11.080601           
14.130519           
14.676711           
13.867207           
12.556735           
12.273918           
16.126146           
11.362727           
12.995484           
11.510893           
11.510893           
11.019348           
14.471555           
12.661037           
14.918442           
11.822350           
12.164980           
14.970312           
12.662185           
13.171994           
13.143937           
12.903684           
12.039308           
14.169244           
11.322869           
11.434992           
14.145637           
10.852936           
11.973413           
12.960047           
13.041489           
11.510893           
12.662185           
11.423125           
13.427844           
13.209020           
13.966105           
13.162557           
12.743105           
11.761788           
12.644500           
12.007605           
11.658325           
11.898711           
12.791691           
16.231734           
11.822350           
11.325456           
14.898510           
12.666824           
13.730137           
11.973413           
10.852936           
11.510893           
12.743105           
13.041489           
11.510893           
12.243658           
12.455934           
10.993885           
11.412964           
12.662185           
12.661037           
12.743105           
10.852936           
12.662185           
11.822350           
11.552363           
13.162557           
11.510893           
