13.823560           
12.367775           
15.387487           
12.095175           
13.266907           
12.872792           
12.264837           
11.265315           
13.600188           
14.222825           
11.836330           
15.592165           
12.336624           
12.095175           
12.095175           
12.772384           
11.880593           
12.264837           
12.264837           
12.496697           
17.410176           
12.096665           
13.818464           
12.888398           
10.879554           
11.018662           
10.879554           
13.203283           
10.075215           
11.092383           
11.546718           
11.595531           
11.400716           
12.095175           
15.935899           
13.823560           
12.095175           
13.973690           
13.791444           
14.379278           
12.095175           
12.264837           
10.727456           
12.522529           
12.522529           
12.390808           
12.095175           
11.936874           
12.095175           
15.552072           
11.290795           
12.804032           
12.095175           
10.885992           
10.879554           
12.095175           
12.095175           
10.366915           
13.823560           
10.517983           
11.373565           
10.879554           
12.059865           
12.336624           
10.366915           
12.135126           
13.973690           
13.383213           
12.059865           
13.767090           
11.601696           
14.077520           
12.368302           
12.059865           
15.552072           
13.151236           
12.631341           
10.879554           
13.245950           
11.263064           
12.266863           
13.266907           
11.517095           
11.176295           
13.823560           
11.917770           
12.095175           
11.342500           
12.095175           
14.017538           
11.803302           
12.197079           
13.823560           
10.727456           
11.053678           
15.746251           
14.627619           
13.818464           
11.396293           
11.053678           
11.092383           
12.713458           
12.264837           
13.020030           
10.844357           
13.823560           
13.309398           
10.877318           
11.950655           
12.095175           
12.774008           
13.823560           
12.095175           
12.429836           
12.284852           
13.823560           
13.034948           
12.095175           
13.823560           
15.019510           
13.077319           
11.459400           
11.349177           
13.823560           
14.125140           
12.161714           
12.809008           
12.590653           
13.119998           
10.885992           
11.396293           
10.658312           
13.823560           
13.495552           
12.809008           
13.643605           
11.836330           
12.735468           
10.879554           
13.562699           
11.836330           
14.083976           
14.640372           
11.092383           
10.366915           
12.125874           
14.574274           
11.092383           
16.213643           
11.183042           
12.285135           
12.095175           
11.835468           
10.844357           
12.036326           
12.748005           
11.263064           
12.492364           
12.991304           
12.095175           
11.263064           
13.823560           
12.496697           
13.823560           
11.880593           
11.416731           
10.496047           
12.611275           
14.572722           
10.879554           
10.879554           
11.168199           
12.095175           
13.762093           
12.772384           
12.095175           
12.321575           
10.658312           
15.965466           
11.351261           
12.496697           
15.387754           
11.876304           
11.555364           
12.095175           
10.653019           
13.823560           
17.844174           
13.767090           
14.125140           
12.649131           
12.095175           
10.366915           
14.574274           
9.390433            
11.790102           
10.776386           
14.148932           
12.095175           
12.264837           
10.560059           
13.025167           
15.334263           
10.752363           
12.549151           
10.885992           
13.975488           
14.888580           
12.095175           
14.607236           
11.204702           
12.095175           
12.669000           
17.859050           
11.835468           
15.981055           
12.809008           
14.114247           
11.183042           
12.779655           
13.823560           
10.366915           
11.443206           
11.790102           
10.844357           
11.554087           
12.095175           
11.806108           
13.816192           
13.823560           
12.496697           
10.187856           
13.425398           
13.445299           
12.095175           
12.178846           
12.095175           
16.205713           
13.823560           
12.095175           
18.122909           
14.077520           
10.366915           
13.242780           
11.679753           
12.059865           
12.197079           
12.496697           
10.366915           
12.514300           
10.366915           
13.823560           
12.544498           
11.396293           
15.276722           
10.535193           
14.125140           
13.326058           
12.872792           
11.101244           
12.590188           
11.092383           
13.823560           
12.522529           
15.762842           
12.628205           
15.387487           
11.836330           
12.496697           
12.095175           
12.522529           
11.806108           
12.872792           
17.280709           
12.095175           
10.808875           
13.380176           
10.879554           
10.453436           
12.496697           
12.522529           
14.490995           
13.107950           
11.764902           
11.235196           
15.811809           
12.906557           
12.095175           
12.036326           
12.496697           
12.772384           
12.522529           
11.784306           
14.985739           
11.584716           
13.600188           
12.842730           
10.844357           
14.523018           
12.095175           
16.056428           
12.492364           
13.287489           
15.343906           
14.119233           
13.151236           
10.879554           
13.203283           
13.586091           
11.053678           
12.197079           
13.973690           
12.095175           
11.084488           
11.836330           
11.068753           
13.025167           
12.975453           
11.806108           
11.263064           
12.382753           
12.095175           
12.095175           
12.496697           
12.095175           
11.790102           
14.125140           
11.806108           
13.740271           
17.105201           
12.095175           
11.538639           
12.059865           
11.713749           
11.536407           
11.517095           
12.441317           
12.552840           
13.223202           
11.806854           
10.447319           
12.095175           
12.487815           
12.095175           
12.321575           
10.248262           
12.264837           
13.532144           
10.879554           
16.740679           
11.430198           
13.151236           
13.941123           
12.628205           
14.607236           
10.767505           
11.527046           
10.366915           
14.533965           
14.482957           
12.776977           
16.070376           
12.680676           
13.467466           
12.336624           
13.034948           
10.879554           
11.263064           
13.823560           
11.053678           
11.342500           
13.823560           
12.095175           
12.095175           
11.053678           
14.065887           
12.095175           
12.730260           
13.823560           
10.779695           
14.692876           
12.095175           
13.076883           
11.800784           
11.195978           
15.087936           
12.496697           
12.856710           
12.215082           
14.120045           
10.879554           
11.836330           
10.879554           
14.387090           
18.558841           
12.095175           
10.535193           
11.265315           
13.818464           
15.762842           
12.095175           
12.321575           
11.338638           
12.496697           
11.265315           
12.395259           
13.823560           
13.818464           
13.600188           
12.095175           
16.224227           
11.092383           
13.151236           
14.125140           
10.844357           
12.197079           
13.823560           
12.095175           
12.226115           
12.441317           
16.881866           
12.095175           
11.601696           
12.264837           
14.523018           
11.176586           
11.092383           
11.001221           
12.522529           
15.176274           
12.095175           
12.626455           
12.095175           
11.268402           
10.879554           
12.095175           
10.542224           
11.852101           
13.941123           
13.532144           
13.427119           
13.330474           
12.328059           
11.713749           
10.366915           
11.696962           
12.321575           
11.001221           
12.095175           
10.366915           
12.095175           
10.879554           
20.738362           
13.124014           
12.095175           
12.809008           
11.713749           
15.988573           
11.632820           
10.844357           
11.917770           
10.879554           
11.794869           
16.800971           
10.876969           
11.338638           
13.823560           
12.423129           
12.771018           
12.284852           
15.494897           
13.752493           
10.453436           
12.095175           
14.125140           
11.439503           
13.268448           
13.269684           
13.151236           
13.478160           
13.823560           
12.095175           
11.219171           
12.095175           
12.809008           
10.752363           
10.366915           
10.879554           
11.996441           
12.713875           
12.522529           
13.034948           
10.453436           
12.869429           
16.047025           
12.321575           
13.493351           
12.772384           
11.335091           
12.395259           
13.562415           
12.102726           
12.321575           
12.095175           
10.366915           
14.418348           
14.125140           
12.135126           
12.095175           
12.007174           
15.552072           
13.152826           
12.496697           
13.151236           
17.782850           
13.823560           
13.737941           
10.366915           
13.823560           
12.095175           
14.006875           
11.092383           
13.823560           
12.522529           
12.522529           
12.427162           
13.305079           
12.264837           
12.906557           
12.441317           
11.342500           
11.330016           
12.095175           
12.246236           
14.360735           
13.823560           
12.095175           
12.264837           
12.264837           
11.917770           
11.800784           
12.095175           
11.053678           
12.095175           
13.266907           
12.264837           
12.047460           
10.879554           
12.095175           
12.095175           
14.244234           
11.150498           
11.265315           
13.823560           
17.280709           
14.744186           
11.880593           
13.151236           
12.321575           
11.396293           
12.612018           
13.931323           
13.600188           
13.811051           
12.522529           
12.868524           
13.823560           
11.572746           
11.305812           
13.104619           
13.818464           
12.135126           
14.206272           
12.471820           
10.383174           
12.197079           
12.367775           
10.835085           
12.095175           
10.431382           
10.361412           
12.520938           
11.554087           
13.308548           
12.381045           
12.496697           
14.060539           
10.752363           
12.095175           
16.264192           
11.836330           
12.015445           
12.134611           
12.197079           
11.784892           
15.552072           
12.095175           
11.256988           
11.611484           
13.915599           
12.095175           
12.549151           
12.264837           
10.763773           
11.053678           
11.305812           
13.819081           
12.095175           
11.182448           
12.044999           
12.095175           
14.607104           
12.367892           
12.738940           
12.197079           
11.846118           
10.366915           
13.823560           
12.396599           
12.095175           
10.366915           
11.263064           
19.415262           
12.321575           
12.966599           
12.095175           
13.600188           
12.095175           
11.806108           
12.906557           
13.823560           
12.284852           
11.806108           
12.590188           
10.366915           
13.480715           
13.544794           
11.865672           
11.338638           
13.015106           
12.333651           
12.496697           
10.804528           
10.879554           
11.806108           
12.496697           
12.264837           
11.632196           
13.630324           
15.714432           
12.264837           
13.522470           
12.245079           
12.495389           
11.335818           
12.040154           
12.496697           
12.809008           
17.018613           
11.182194           
17.280709           
14.013943           
12.772384           
14.847797           
11.860582           
12.522529           
10.730269           
12.095175           
11.502596           
10.366915           
13.823560           
11.965497           
13.164700           
12.336624           
14.180668           
12.095175           
13.955874           
10.844357           
12.522529           
12.655762           
15.552072           
13.409255           
15.600746           
13.823560           
15.762842           
13.823560           
12.524594           
15.552072           
13.810849           
10.879554           
13.540222           
14.496320           
11.917770           
12.809008           
12.095175           
14.533965           
17.657109           
10.366915           
12.264837           
13.725258           
13.823560           
10.885992           
12.496697           
11.043608           
12.284852           
16.175373           
12.321575           
10.744086           
10.914463           
10.366915           
10.560059           
11.053678           
12.095175           
14.125140           
10.366915           
13.819081           
12.809008           
15.552072           
12.496697           
12.095175           
10.623105           
12.522529           
12.261470           
13.532144           
13.823560           
12.496697           
14.737264           
11.034601           
13.015120           
11.499796           
12.095175           
14.674667           
13.823560           
10.366915           
12.487815           
13.823560           
10.390432           
11.459400           
11.180073           
11.396293           
12.095175           
13.823560           
11.349040           
12.494063           
10.885992           
13.823560           
10.386502           
13.823560           
12.095175           
12.178319           
12.095175           
11.611207           
15.443119           
12.102726           
11.540861           
14.638575           
13.963746           
12.957123           
12.877120           
11.790102           
11.792867           
12.522529           
13.767090           
12.095175           
12.095175           
11.880593           
12.628205           
16.264192           
12.135126           
16.264192           
14.523018           
14.757983           
12.095175           
12.284852           
15.443119           
12.095175           
13.818464           
13.277242           
12.321575           
10.885992           
12.095175           
10.366915           
14.325439           
12.809008           
11.554087           
12.338856           
13.819081           
13.941123           
17.408274           
13.411386           
13.540222           
12.095175           
12.175540           
12.628205           
10.366915           
10.560059           
13.614643           
12.772384           
12.264837           
12.200936           
11.150453           
11.092383           
11.263064           
12.230052           
10.366915           
10.879554           
10.885992           
10.725382           
12.095175           
12.197079           
13.186250           
12.441317           
12.095175           
12.338856           
11.788684           
13.823560           
13.137705           
12.487815           
11.423749           
15.569454           
13.823560           
12.095175           
12.729185           
13.107062           
11.178675           
13.266907           
12.095175           
12.935567           
12.496697           
10.877318           
12.522529           
12.364591           
14.125140           
11.836330           
12.444253           
10.658312           
14.125140           
12.496697           
12.496697           
12.418802           
13.411386           
12.102726           
13.823560           
16.827856           
17.637359           
12.872792           
13.818464           
11.514822           
12.338856           
12.264837           
10.821212           
10.453436           
11.396293           
12.366131           
13.886999           
12.264837           
11.724973           
17.280709           
12.704559           
12.546387           
11.500983           
13.266907           
12.095175           
10.366915           
14.512216           
12.496697           
12.885093           
13.048612           
12.809008           
14.325439           
12.095175           
10.752363           
12.496697           
12.876947           
12.261470           
12.095175           
10.879554           
11.053678           
10.401246           
11.307097           
12.264837           
11.601696           
13.544794           
12.664785           
12.095175           
12.202391           
12.900014           
10.877318           
13.819081           
13.910714           
12.284222           
12.095175           
12.906557           
11.327229           
10.879554           
13.958812           
14.811756           
12.522529           
14.888580           
13.823560           
13.006174           
13.228486           
13.818464           
12.197079           
12.281870           
15.762842           
11.800784           
13.767090           
13.818464           
14.797488           
13.903652           
14.635024           
14.500544           
11.351585           
15.276722           
11.336809           
12.496697           
12.522529           
13.823560           
11.512723           
11.466288           
10.879554           
10.725382           
12.522529           
12.628205           
14.496320           
15.552072           
17.941785           
13.823560           
10.992788           
14.125140           
13.823560           
14.222825           
11.001221           
12.367775           
12.869429           
10.727456           
12.321575           
13.445299           
10.879554           
15.762842           
12.095175           
15.061994           
12.809008           
10.879554           
13.823560           
14.572591           
12.809008           
10.366915           
13.823560           
12.095175           
12.095175           
13.445299           
12.095175           
11.416731           
11.176295           
14.371187           
11.646900           
11.790102           
12.095175           
10.366915           
16.252729           
12.197079           
12.628205           
12.776977           
11.092383           
12.095175           
10.879554           
13.883008           
10.684504           
10.366915           
10.877318           
14.271924           
10.879554           
14.125140           
11.228990           
11.865488           
15.275028           
17.024491           
13.034948           
13.941123           
13.067106           
13.767090           
13.823560           
13.823560           
12.496697           
12.496697           
12.487815           
11.416731           
13.151236           
12.194128           
13.823560           
10.489721           
12.496697           
12.412033           
12.264837           
12.264837           
12.095175           
15.762842           
