12.391061           
10.928236           
14.870097           
10.841905           
12.682780           
12.690185           
12.091598           
14.556652           
18.084069           
12.848464           
13.802428           
15.301709           
12.799087           
12.391061           
13.940295           
13.324256           
13.107618           
15.853227           
13.021422           
14.027154           
17.326357           
13.768882           
14.272134           
12.300604           
12.784226           
12.391061           
11.558981           
13.324256           
12.413803           
12.197154           
17.426699           
12.391061           
11.748942           
13.940295           
14.481660           
13.940295           
15.599764           
11.798567           
10.928236           
14.413537           
17.729645           
11.118728           
12.391061           
14.098435           
12.020459           
12.391061           
12.391061           
12.213789           
12.391061           
14.277240           
13.324256           
13.320785           
13.940295           
12.922011           
13.324256           
13.980557           
17.575881           
16.143941           
13.183912           
13.961466           
21.618565           
12.105626           
13.400927           
12.431404           
12.004144           
11.025100           
12.391061           
12.391061           
11.551574           
12.346667           
15.811455           
13.940295           
11.930670           
12.391061           
15.447326           
14.814372           
13.588945           
12.391061           
14.447199           
15.127900           
12.755257           
13.107618           
12.391061           
12.391061           
13.940295           
13.463124           
12.391061           
13.940295           
11.419922           
12.595138           
9.295217            
13.107618           
12.860789           
13.132845           
14.017368           
12.391061           
15.271278           
13.520016           
15.489606           
11.025100           
12.391061           
11.419922           
13.449151           
11.440311           
13.940295           
12.391061           
15.241942           
14.955541           
11.337397           
13.603298           
10.928236           
12.730790           
10.841905           
15.489606           
10.841905           
15.191125           
13.835693           
12.391061           
13.724346           
12.321550           
11.147156           
11.935260           
12.391061           
14.098435           
15.489606           
13.107618           
14.001807           
11.419922           
13.107618           
17.607145           
12.391061           
10.928236           
14.068677           
12.391061           
12.391061           
11.664599           
15.489606           
13.768882           
12.182890           
11.901828           
13.052944           
13.099068           
12.880497           
12.391061           
12.391061           
12.391061           
14.449945           
13.187014           
13.107618           
11.020077           
12.105413           
20.138009           
13.084984           
12.431404           
15.918221           
13.263377           
12.598281           
12.785167           
12.182890           
11.702518           
13.327984           
12.391061           
11.775137           
13.835693           
12.458243           
12.848464           
14.274855           
12.391061           
15.853227           
17.038996           
12.377359           
18.588464           
10.964958           
18.417772           
12.679839           
14.725271           
12.812931           
11.962707           
11.664599           
12.412745           
13.940295           
15.151341           
12.345235           
11.258497           
13.561671           
14.004180           
12.659987           
13.835693           
13.107618           
12.391061           
12.848464           
13.083520           
12.391061           
13.620149           
12.391061           
10.946585           
11.842926           
13.620819           
12.973282           
13.520016           
13.990957           
13.137247           
13.736311           
13.183912           
12.391061           
12.105626           
14.083663           
12.396354           
15.843184           
13.248127           
13.940295           
13.520016           
14.488656           
13.008411           
12.391061           
11.798567           
12.391061           
11.980694           
12.391061           
12.391061           
11.796169           
11.928341           
13.414887           
12.257921           
13.520016           
12.391061           
13.940295           
13.835693           
14.376902           
16.081585           
14.083663           
11.798567           
13.132845           
11.993819           
10.841905           
12.198272           
13.588945           
10.928236           
11.798567           
13.139341           
13.747434           
11.962707           
12.391061           
12.574215           
13.368812           
10.928236           
13.835693           
11.187468           
13.132845           
13.940295           
13.914451           
12.391061           
11.714571           
12.023795           
15.843184           
12.391061           
13.940295           
12.109085           
10.841905           
12.391061           
14.725271           
12.392447           
13.940295           
13.183912           
10.073709           
15.099425           
10.560377           
11.664599           
13.369968           
14.371005           
12.020459           
12.598281           
14.396418           
12.391061           
13.835693           
10.560377           
13.820226           
15.231322           
12.848464           
13.940295           
13.369968           
11.419922           
14.189180           
13.327984           
11.134071           
11.798567           
13.445734           
13.323411           
11.344952           
13.835693           
12.675070           
12.391061           
13.620994           
13.498702           
12.391061           
11.942560           
12.882513           
13.557932           
12.391061           
13.566201           
10.928236           
13.879685           
13.940295           
13.940295           
13.940295           
12.581907           
16.358126           
15.690569           
11.817929           
13.940295           
13.324256           
13.002513           
15.933303           
12.391061           
12.198272           
11.395341           
13.835693           
12.070301           
13.324256           
13.132845           
13.835693           
12.391061           
16.131172           
13.183912           
11.395341           
12.391061           
12.290846           
12.431404           
14.413537           
13.324256           
12.510538           
13.777039           
12.391061           
10.930647           
12.391061           
13.107618           
10.928236           
11.701578           
12.346667           
13.324256           
14.453927           
13.265102           
12.091598           
12.459671           
13.793494           
12.758755           
13.835693           
13.377119           
10.985542           
12.391061           
13.052944           
10.923492           
14.795215           
10.902426           
15.733595           
12.377359           
13.963379           
10.928236           
15.489606           
13.324256           
15.007592           
11.653277           
13.183912           
16.584380           
12.391061           
17.038996           
13.566201           
13.940295           
14.447199           
11.110536           
14.427173           
12.391061           
13.940295           
13.327984           
13.835693           
13.940295           
12.105626           
12.391061           
15.489606           
12.418444           
12.993882           
15.557788           
13.226120           
12.863775           
12.581907           
14.068677           
13.940295           
11.584857           
11.419922           
11.160922           
12.391061           
11.419922           
12.391061           
13.369968           
16.807101           
11.935260           
13.107618           
16.409116           
14.684691           
15.301709           
12.391061           
12.848464           
13.520016           
11.930670           
13.835693           
11.742831           
15.489606           
14.113660           
13.292987           
12.391061           
12.391061           
14.413537           
13.765915           
13.474453           
12.116688           
11.701578           
16.588742           
12.391061           
12.509043           
11.789647           
11.935260           
11.664599           
11.798567           
13.940295           
11.591419           
12.838655           
12.827113           
12.687585           
12.324023           
13.620149           
12.391061           
14.027154           
12.636018           
11.050622           
15.489606           
12.391061           
14.359781           
11.962707           
18.598117           
15.213559           
12.015131           
13.940295           
14.481660           
12.391061           
12.973282           
11.105367           
11.796169           
14.162726           
12.011516           
14.005320           
13.769521           
10.946988           
13.195585           
13.940295           
13.835693           
13.940295           
12.391061           
13.573954           
11.163525           
14.785010           
14.793586           
12.806295           
17.019468           
10.841905           
12.391061           
20.216593           
15.299519           
13.323411           
12.391061           
13.369968           
12.391061           
13.940295           
14.415164           
12.040151           
12.391061           
12.055078           
13.400927           
13.187014           
12.105626           
10.841905           
12.391061           
14.067961           
14.746791           
13.670365           
14.567490           
15.962167           
11.366359           
13.132845           
12.679839           
12.418444           
15.271278           
12.391061           
12.431404           
12.391061           
14.530655           
12.377359           
17.426699           
12.391061           
13.940295           
13.962419           
13.620149           
13.974331           
12.321550           
13.324256           
15.284029           
13.835693           
14.873617           
13.394463           
12.391061           
12.505831           
13.940295           
13.940295           
13.940295           
14.421904           
15.489606           
13.940295           
12.349055           
10.923784           
13.832098           
12.377359           
15.997915           
12.685214           
13.400927           
15.489606           
14.907399           
13.940295           
12.321550           
13.465137           
12.346667           
11.240652           
15.517423           
11.159822           
13.141395           
14.862560           
15.429843           
13.990957           
12.105626           
13.940295           
10.928236           
15.762887           
13.942002           
13.321721           
12.391061           
12.391061           
13.665308           
12.808540           
12.921679           
13.062571           
13.952192           
10.841905           
13.187014           
13.765915           
11.664599           
13.823607           
12.452688           
14.358759           
12.346667           
13.940295           
13.835693           
12.324023           
13.132845           
10.928236           
13.835693           
12.990633           
12.879939           
11.653130           
12.391061           
12.860789           
13.183912           
10.841905           
11.248363           
12.391061           
13.254427           
12.391061           
12.391061           
13.281983           
12.924608           
12.391061           
14.564088           
14.200217           
13.940295           
13.940295           
12.391061           
12.418444           
13.327984           
16.774235           
15.150631           
15.117770           
13.558624           
14.790907           
13.940295           
12.391061           
13.940295           
12.685214           
15.489606           
12.431404           
20.285196           
13.940295           
13.940295           
12.391061           
12.391061           
12.346667           
13.187014           
13.940295           
13.940295           
12.391061           
12.011516           
12.391061           
11.981744           
10.841905           
13.052944           
15.035396           
12.965400           
14.245692           
14.465572           
16.181055           
16.194306           
15.651527           
13.683590           
11.964548           
13.183912           
12.391061           
12.391061           
13.513308           
10.928236           
13.736311           
13.835693           
13.952192           
13.940295           
12.105626           
11.820313           
13.084322           
12.799087           
17.066250           
15.785395           
12.391061           
13.940295           
13.835693           
13.940295           
11.664599           
13.223381           
11.908160           
14.725271           
13.223381           
13.940295           
13.940295           
11.057362           
13.262945           
12.391061           
15.712498           
12.785167           
15.117770           
12.391061           
12.391061           
14.937843           
16.292164           
13.940295           
14.064094           
14.725271           
14.085791           
11.962707           
13.886243           
12.391061           
11.930670           
13.277471           
12.672606           
12.391061           
11.962707           
12.499977           
10.928236           
13.324256           
13.314660           
10.768769           
15.489606           
12.582881           
11.798567           
12.391061           
12.785167           
12.418444           
17.215919           
12.391061           
13.940295           
12.055739           
13.835693           
12.391061           
16.705462           
13.835693           
13.940295           
15.822440           
16.862630           
13.205703           
12.391061           
12.555810           
13.835693           
13.940295           
12.346667           
12.768107           
17.986869           
15.007561           
12.391061           
12.391061           
12.391061           
12.788043           
11.792955           
13.223381           
12.391061           
13.183912           
12.962142           
12.391061           
12.081229           
12.597183           
14.920508           
14.907399           
15.628400           
13.940295           
12.391061           
12.391061           
13.962811           
13.558614           
12.105626           
13.639307           
14.023861           
14.481660           
12.391061           
11.431316           
12.855415           
14.725271           
13.940295           
10.928236           
10.928236           
15.489606           
10.841905           
12.241379           
14.935052           
13.303012           
14.027154           
13.183912           
14.415032           
15.117770           
13.448265           
12.391061           
12.391061           
12.023795           
13.940295           
13.107618           
13.719899           
12.391061           
14.277240           
13.659541           
15.007561           
12.391061           
12.391061           
12.679839           
14.384652           
11.798567           
11.993819           
15.489606           
15.209946           
11.681198           
13.766505           
13.520016           
14.725271           
13.747434           
13.132845           
13.369968           
13.107618           
13.520016           
12.002576           
12.391061           
15.413439           
15.489606           
13.835693           
13.520016           
13.835693           
13.065515           
11.663095           
12.848464           
11.817682           
15.489606           
12.023795           
17.998957           
12.860789           
13.940295           
13.940295           
15.154798           
13.940295           
12.679839           
13.835693           
10.841905           
12.023795           
12.391061           
13.835693           
13.181760           
13.940295           
12.391061           
13.181078           
11.419922           
13.940295           
17.017925           
12.391061           
13.940295           
11.419922           
15.557788           
12.391061           
15.738925           
10.928236           
12.391061           
14.453927           
15.237334           
15.489606           
13.183912           
13.498702           
16.644798           
14.068677           
12.105626           
12.391061           
17.135493           
13.952192           
12.391061           
13.327984           
12.105626           
13.324256           
12.973282           
13.327984           
10.841905           
12.413803           
14.725271           
12.431404           
10.928236           
12.570286           
12.391061           
13.449151           
13.940295           
15.117770           
12.391061           
13.940295           
17.038996           
11.935260           
11.935260           
11.561102           
13.493360           
12.999004           
12.391061           
16.541164           
11.524829           
12.391061           
13.183912           
13.940295           
14.175067           
13.940295           
12.197154           
11.695943           
12.431404           
12.370905           
11.935260           
14.014359           
12.486422           
12.357971           
11.096185           
11.634249           
11.598859           
15.172162           
13.940295           
13.183912           
11.961898           
13.768882           
12.020578           
12.860789           
13.940295           
12.799087           
12.391061           
14.252669           
13.940295           
14.083663           
14.278489           
11.419922           
14.017368           
13.902770           
16.136648           
12.431404           
10.928236           
12.391061           
12.391061           
11.558981           
18.588464           
12.660254           
11.018011           
12.391061           
14.098435           
14.725271           
11.250856           
12.391061           
17.559571           
14.426056           
13.107618           
13.107618           
12.391061           
12.574215           
15.489606           
11.652226           
16.807574           
11.930670           
13.327984           
14.098435           
13.957648           
14.001807           
13.369968           
13.940295           
12.511758           
12.346667           
13.940295           
12.321550           
16.254064           
10.974768           
14.393048           
12.391061           
15.489606           
14.413537           
12.391061           
12.391061           
13.835693           
12.339494           
11.419922           
15.625026           
13.066305           
12.574215           
13.940295           
12.391061           
12.391061           
11.796169           
13.940295           
12.418444           
14.277240           
10.902426           
11.757343           
11.558981           
10.928236           
14.175067           
11.798567           
13.222236           
13.132845           
13.181760           
13.940295           
13.940295           
13.940295           
12.391061           
12.454918           
12.788327           
12.391061           
13.183912           
12.391061           
13.132845           
18.588464           
11.798567           
12.469611           
10.928236           
12.799087           
12.391061           
15.118657           
16.277303           
13.418514           
13.835693           
11.082096           
13.132845           
11.341920           
11.362756           
11.372289           
15.489606           
14.733266           
13.940295           
15.772832           
15.192422           
14.271069           
11.373912           
13.835693           
13.072565           
11.935260           
11.817682           
13.528506           
11.798567           
12.296336           
12.346667           
15.077321           
10.928236           
12.391061           
13.369968           
15.489606           
12.370679           
12.377359           
14.339549           
12.757774           
16.485582           
13.940295           
13.369968           
13.418743           
13.183912           
12.445479           
12.310344           
12.391061           
